{"f": [0.0, 3.90625, 7.8125, 11.71875, 15.625, 19.53125, 23.4375, 27.34375, 31.25, 35.15625, 39.0625, 42.96875, 46.875, 50.78125, 54.6875, 58.59375, 62.5, 66.40625, 70.3125, 74.21875, 78.125, 82.03125, 85.9375, 89.84375, 93.75, 97.65625, 101.5625, 105.46875, 109.375, 113.28125, 117.1875, 121.09375, 125.0, 128.90625, 132.8125, 136.71875, 140.625, 144.53125, 148.4375, 152.34375, 156.25, 160.15625, 164.0625, 167.96875, 171.875, 175.78125, 179.6875, 183.59375, 187.5, 191.40625, 195.3125, 199.21875, 203.125, 207.03125, 210.9375, 214.84375, 218.75, 222.65625, 226.5625, 230.46875, 234.375, 238.28125, 242.1875, 246.09375], "window_time": 61.004, "t": [0.0, 60.504, 121.008, 181.512, 242.016, 302.52, 363.024, 423.528, 484.032, 544.536], "coherence_matrices": [[[[0.9999999999999998, 0.050038943856489895, 0.003410829829276395, 0.0016386324196824601, 0.004291882690039685, 0.003967105144007381, 1.9386279283361446e-05, 8.560034509312844e-05, 0.10325603710121375, 0.012741417826359753], [0.0500389438564899, 1.0, 0.15676190986138436, 0.15844285526199928, 0.014913682334592258, 0.0021555122271347356, 0.009269256847444174, 0.018148269166260188, 0.06336648505986793, 0.2028472260797453], [0.003410829829276395, 0.15676190986138436, 1.0, 0.48777628419945496, 0.08117511612681798, 0.015996421661941384, 2.5493444747287312e-05, 0.00464035968302193, 0.007168021003265892, 0.1991097525525839], [0.0016386324196824603, 0.15844285526199928, 0.48777628419945496, 1.0, 0.23861845804133502, 0.039878203230213245, 0.00028293302724226137, 0.0048912444671938195, 0.05616098812551621, 0.14392754167297453], [0.004291882690039685, 0.01491368233459226, 0.08117511612681798, 0.23861845804133502, 1.0, 0.540864265410848, 0.04189719356830501, 0.007633823801596188, 0.0391863455502649, 0.025014752751487526], [0.003967105144007381, 0.0021555122271347356, 0.015996421661941384, 0.039878203230213245, 0.540864265410848, 1.0, 0.2821820746697792, 0.02728239610401186, 0.017651697075445363, 0.0024478226955861296], [1.938627928336145e-05, 0.009269256847444176, 2.5493444747287312e-05, 0.0002829330272422613, 0.04189719356830502, 0.2821820746697792, 1.0, 0.13902456266001526, 0.008700685414141639, 0.015085648009222593], [8.560034509312844e-05, 0.018148269166260188, 0.004640359683021931, 0.0048912444671938195, 0.007633823801596188, 0.02728239610401186, 0.13902456266001526, 0.9999999999999999, 0.003626903242106664, 0.029361071044796096], [0.10325603710121374, 0.06336648505986794, 0.007168021003265892, 0.056160988125516204, 0.039186345550264894, 0.017651697075445363, 0.008700685414141639, 0.0036269032421066645, 1.0, 0.1951853845421616], [0.012741417826359753, 0.2028472260797453, 0.19910975255258392, 0.14392754167297453, 0.02501475275148753, 0.0024478226955861296, 0.015085648009222593, 0.029361071044796096, 0.1951853845421616, 1.0]], [[1.0, 0.10980975628182552, 0.015694787742351227, 0.011510548025579666, 0.008196575617612686, 0.008299966789722193, 0.0006265622711205825, 0.0012499895441801321, 0.1466767145112082, 0.05714970565755586], [0.10980975628182552, 1.0, 0.21581483173989768, 0.2059177842442541, 0.021444220802574028, 0.004559108528407265, 0.0008011164816725679, 0.022267542965687767, 0.05360233355053637, 0.18497730007715757], [0.015694787742351227, 0.21581483173989768, 1.0, 0.45249867042057856, 0.0531744988852793, 0.005462591033509995, 0.0005858809615231279, 0.006629919974143893, 0.012492755237507452, 0.2547750774900329], [0.011510548025579668, 0.20591778424425408, 0.4524986704205786, 0.9999999999999997, 0.22696112531103688, 0.04330551061007906, 0.0005659099752427559, 0.005105436207501354, 0.03195784915662892, 0.1511867499048297], [0.008196575617612686, 0.02144422080257403, 0.05317449888527931, 0.22696112531103685, 1.0, 0.5445791160689292, 0.06596439294662433, 0.011460653857393383, 0.027990321235631194, 0.009432787564137783], [0.008299966789722193, 0.004559108528407266, 0.005462591033509995, 0.04330551061007906, 0.5445791160689292, 1.0, 0.2835205976340802, 0.029432933441389905, 0.02063843667628133, 0.0005798921311119304], [0.0006265622711205824, 0.0008011164816725679, 0.0005858809615231279, 0.0005659099752427558, 0.06596439294662433, 0.2835205976340802, 1.0, 0.12141097053110579, 0.0031272933808467866, 0.003805565624617458], [0.0012499895441801321, 0.022267542965687767, 0.006629919974143892, 0.005105436207501354, 0.011460653857393385, 0.029432933441389905, 0.12141097053110578, 1.0, 0.008607910298971774, 0.021538440714063564], [0.1466767145112082, 0.05360233355053637, 0.012492755237507454, 0.03195784915662892, 0.027990321235631194, 0.02063843667628133, 0.003127293380846787, 0.008607910298971776, 1.0, 0.12364731393404248], [0.05714970565755585, 0.18497730007715757, 0.2547750774900329, 0.1511867499048297, 0.009432787564137783, 0.0005798921311119304, 0.0038055656246174575, 0.021538440714063564, 0.12364731393404248, 1.0]], [[1.0, 0.13356646600787012, 0.03671880606838017, 0.02910160518898543, 0.004477201594310849, 0.0021516806282322614, 0.0034436495787332666, 0.00023516926444736795, 0.11465317530427604, 0.07049093562884858], [0.13356646600787012, 0.9999999999999996, 0.1401840042069204, 0.16536465827543648, 0.02346791806966307, 0.007052604948661315, 0.0014278266431402011, 0.006431389735210794, 0.0712117275189912, 0.1529150869258913], [0.03671880606838017, 0.14018400420692043, 0.9999999999999997, 0.40751590058318, 0.07243773350447227, 0.0181309338182394, 0.00497018777068456, 0.004761940669166927, 0.02221098358701927, 0.23178151605455122], [0.02910160518898543, 0.1653646582754365, 0.40751590058318005, 1.0, 0.23802770125973768, 0.056319205446596604, 0.0030898425013838353, 0.00601643828076983, 0.062132805502688536, 0.14795790261032096], [0.004477201594310848, 0.02346791806966307, 0.07243773350447227, 0.23802770125973768, 1.0000000000000002, 0.5440013260214571, 0.04367342639218649, 0.004120918107948908, 0.03807131913902106, 0.02134933444331739], [0.002151680628232262, 0.007052604948661315, 0.0181309338182394, 0.0563192054465966, 0.5440013260214571, 1.0, 0.1883980146976267, 0.007414349442201561, 0.02068913164511925, 0.004288246356652355], [0.003443649578733266, 0.0014278266431402011, 0.0049701877706845605, 0.0030898425013838353, 0.043673426392186486, 0.18839801469762668, 1.0000000000000002, 0.10379092876011779, 0.002056126396376554, 0.001976502062689707], [0.00023516926444736792, 0.006431389735210793, 0.004761940669166926, 0.00601643828076983, 0.004120918107948908, 0.00741434944220156, 0.10379092876011779, 1.0, 0.0022442674935565184, 0.010706364896452459], [0.11465317530427604, 0.07121172751899119, 0.02221098358701927, 0.062132805502688536, 0.03807131913902106, 0.02068913164511925, 0.0020561263963765537, 0.002244267493556518, 1.0, 0.11834514027289311], [0.07049093562884858, 0.1529150869258913, 0.2317815160545512, 0.147957902610321, 0.02134933444331739, 0.004288246356652355, 0.001976502062689707, 0.010706364896452459, 0.11834514027289311, 1.0]], [[1.0, 0.11168363604054807, 0.023072605713187155, 0.0240560160416701, 0.0021939654255783256, 0.001415583767126567, 0.00033787895798943984, 0.0033503939338234254, 0.06952511178840265, 0.048535732180822216], [0.11168363604054807, 1.0, 0.11434404453825893, 0.05934823914308875, 0.009381251924943226, 0.0015085596189551706, 0.002210421533701908, 0.001066563712077105, 0.044993456325533546, 0.13485518849553516], [0.023072605713187155, 0.11434404453825893, 1.0, 0.3773129541684306, 0.08189016729865449, 0.013010333598875832, 0.009245970386198663, 0.000718123134879439, 0.012719680717531507, 0.14149197383716441], [0.024056016041670104, 0.05934823914308875, 0.37731295416843064, 1.0, 0.22259933097455176, 0.04392948106390368, 0.010332685126236217, 0.0012116509147725692, 0.024076547760292333, 0.06786371207088665], [0.0021939654255783256, 0.009381251924943226, 0.08189016729865449, 0.22259933097455176, 1.0, 0.5106163766631028, 0.05855577915715361, 0.014288267474650477, 0.011295893657964273, 0.01825954367240245], [0.0014155837671265671, 0.0015085596189551703, 0.01301033359887583, 0.04392948106390367, 0.5106163766631028, 1.0, 0.19089774606484353, 0.015410377708682666, 0.00331391878099671, 0.004862672561948962], [0.0003378789579894398, 0.002210421533701908, 0.009245970386198663, 0.010332685126236219, 0.05855577915715361, 0.1908977460648435, 1.0, 0.11444398949231978, 0.003184602818990252, 0.0007344100149591342], [0.003350393933823425, 0.001066563712077105, 0.000718123134879439, 0.0012116509147725694, 0.014288267474650477, 0.015410377708682668, 0.11444398949231978, 0.9999999999999998, 0.0016282526679089805, 0.0008974952808022396], [0.06952511178840265, 0.044993456325533546, 0.012719680717531505, 0.024076547760292333, 0.011295893657964273, 0.00331391878099671, 0.0031846028189902523, 0.0016282526679089805, 1.0, 0.09573730029581189], [0.04853573218082222, 0.13485518849553516, 0.14149197383716444, 0.06786371207088666, 0.018259543672402453, 0.004862672561948962, 0.0007344100149591341, 0.0008974952808022395, 0.09573730029581187, 1.0]], [[1.0, 0.0564484646285613, 0.01649957309767949, 0.01906227621670125, 0.007023822219944597, 0.00383136606534508, 0.0004887293105563389, 0.0027981176662858305, 0.058004802242584225, 0.035317481384999856], [0.0564484646285613, 1.0, 0.06523137245178812, 0.029968409785048625, 0.0044698991693378045, 0.002162947625015808, 0.0036550136322862203, 0.0021884574651921925, 0.05214520391496132, 0.09681166596371045], [0.01649957309767949, 0.06523137245178813, 1.0, 0.2830379891180763, 0.04245820721822653, 0.004357821402940084, 0.0021066126587239117, 0.0017570991690009441, 0.021689873881805124, 0.09001227618420962], [0.01906227621670125, 0.029968409785048628, 0.2830379891180763, 1.0, 0.19620068450787315, 0.03242231725135592, 0.006202397631568009, 0.0003504675888376135, 0.020997741460081806, 0.04955144958350953], [0.007023822219944597, 0.0044698991693378045, 0.042458207218226525, 0.19620068450787317, 1.0, 0.4807803064977119, 0.0661803629405535, 0.0074531732847330215, 7.771058707873522e-05, 0.003674049011305102], [0.0038313660653450806, 0.002162947625015808, 0.004357821402940084, 0.03242231725135592, 0.4807803064977119, 0.9999999999999998, 0.19318206711431202, 0.0116224592796355, 0.0011742492975583656, 0.000840279350559318], [0.0004887293105563389, 0.0036550136322862203, 0.0021066126587239117, 0.006202397631568009, 0.0661803629405535, 0.193182067114312, 1.0, 0.1941975095629496, 0.0005373854390747517, 0.0004628829991912673], [0.002798117666285831, 0.0021884574651921925, 0.0017570991690009441, 0.0003504675888376135, 0.0074531732847330215, 0.0116224592796355, 0.1941975095629496, 1.0, 0.000951611592039258, 0.0014260188776144404], [0.05800480224258423, 0.052145203914961316, 0.02168987388180512, 0.020997741460081806, 7.771058707873523e-05, 0.0011742492975583656, 0.0005373854390747517, 0.0009516115920392579, 1.0, 0.14528050060562622], [0.035317481384999856, 0.09681166596371046, 0.09001227618420964, 0.04955144958350953, 0.0036740490113051014, 0.000840279350559318, 0.0004628829991912673, 0.0014260188776144404, 0.14528050060562622, 1.0]], [[1.0, 0.022823909874191257, 0.01656766275597867, 0.007695055873259738, 0.0016787653610316727, 0.002106073277460118, 0.0031006595673434252, 0.0006575733244521023, 0.027390945980799997, 0.01901686653663655], [0.022823909874191257, 0.9999999999999996, 0.03774707554607464, 0.02239435937835433, 0.006393943941382628, 0.001840208292078144, 0.001771247940127833, 0.0007402483051596525, 0.0167132128228643, 0.03789816353603117], [0.01656766275597867, 0.03774707554607464, 1.0, 0.15225173952486237, 0.023106761125559157, 0.0032246233651716588, 0.0029425775500466814, 0.00925447637785057, 0.01114948537906324, 0.028343754405551175], [0.007695055873259738, 0.022394359378354326, 0.15225173952486237, 0.9999999999999999, 0.1698418063057368, 0.026212111156905527, 0.004555410392750548, 0.002586160430105703, 0.008707769513776943, 0.013125646685951797], [0.0016787653610316727, 0.006393943941382629, 0.023106761125559157, 0.16984180630573684, 0.9999999999999998, 0.4774636363342207, 0.055308360723766846, 0.016251925464854135, 0.00041269601477895507, 0.0034894085554625647], [0.0021060732774601182, 0.001840208292078144, 0.0032246233651716588, 0.026212111156905527, 0.4774636363342206, 0.9999999999999997, 0.11378076089772249, 0.017460551428128437, 0.00404134316914424, 0.00196706455519833], [0.0031006595673434257, 0.001771247940127833, 0.002942577550046681, 0.004555410392750548, 0.055308360723766846, 0.1137807608977225, 0.9999999999999996, 0.24085894185631906, 0.00663339035300071, 0.0006213033010549184], [0.0006575733244521023, 0.0007402483051596524, 0.00925447637785057, 0.0025861604301057025, 0.01625192546485413, 0.017460551428128437, 0.24085894185631906, 1.0, 0.000963313032741176, 0.0073424480114897455], [0.0273909459808, 0.0167132128228643, 0.01114948537906324, 0.008707769513776942, 0.00041269601477895507, 0.00404134316914424, 0.006633390353000709, 0.000963313032741176, 0.9999999999999998, 0.10550247268565881], [0.019016866536636555, 0.03789816353603116, 0.028343754405551175, 0.013125646685951797, 0.0034894085554625642, 0.00196706455519833, 0.0006213033010549183, 0.0073424480114897455, 0.10550247268565881, 1.0]], [[1.0, 0.0108119890117484, 0.002709360499787243, 0.0012419010633036105, 0.005697410991725497, 0.003510867048520439, 0.0022071318157365657, 0.0011533642029473853, 0.025336488779587607, 0.019755810312539115], [0.0108119890117484, 1.0, 0.029207142686014365, 0.006042454759819365, 0.003142635502719858, 0.0024206913643266665, 0.005591123727607559, 0.0007353101942317765, 0.005611296443411912, 0.01799832548211246], [0.002709360499787243, 0.029207142686014362, 1.0, 0.09236656072111639, 0.015114166004295687, 0.001971383682356851, 0.005864911426392033, 0.008059842353398263, 0.003852297501863543, 0.009657766479014788], [0.0012419010633036103, 0.0060424547598193655, 0.0923665607211164, 1.0, 0.13287601884105787, 0.03514517367963529, 0.010573484721143396, 0.0054181114035843, 0.001760549403585596, 0.008139218206571984], [0.005697410991725497, 0.003142635502719858, 0.015114166004295687, 0.13287601884105787, 0.9999999999999998, 0.44652780583542756, 0.0242278835081096, 0.022567159104535363, 0.0013461034935448159, 0.0024526705674225062], [0.003510867048520439, 0.0024206913643266665, 0.0019713836823568504, 0.03514517367963529, 0.4465278058354276, 1.0, 0.07757167854997406, 0.012309243627365655, 0.0010792565658154724, 0.0015498212181684927], [0.0022071318157365653, 0.005591123727607559, 0.005864911426392034, 0.010573484721143394, 0.024227883508109605, 0.07757167854997406, 0.9999999999999997, 0.16330688601976717, 0.0018435607617288624, 0.002934291837082779], [0.0011533642029473855, 0.0007353101942317764, 0.008059842353398265, 0.005418111403584299, 0.022567159104535366, 0.012309243627365655, 0.16330688601976717, 0.9999999999999997, 0.0021445907414840795, 0.0028174799775039926], [0.025336488779587604, 0.005611296443411911, 0.003852297501863543, 0.001760549403585596, 0.0013461034935448159, 0.0010792565658154724, 0.0018435607617288627, 0.0021445907414840795, 1.0, 0.07245562926569646], [0.019755810312539115, 0.01799832548211246, 0.009657766479014788, 0.008139218206571985, 0.002452670567422506, 0.0015498212181684927, 0.0029342918370827784, 0.0028174799775039926, 0.07245562926569646, 0.9999999999999999]], [[1.0, 0.004430269891871107, 0.0025474489147380764, 0.0007276124252373911, 0.001330533445847483, 0.0003535896499600893, 0.0019701547201065655, 0.002055710829761899, 0.010355795756871676, 0.009265916468936375], [0.004430269891871106, 1.0, 0.005308024282853311, 0.004732818972689914, 0.0009205502820247569, 0.00013615294791985614, 0.0011881527394673528, 0.0007130317878312984, 0.009940478202536875, 0.015909158725127437], [0.0025474489147380764, 0.005308024282853311, 1.0, 0.05006534938078554, 0.010252070302871783, 0.001642332705001044, 0.0015946722021638127, 0.003551138534129067, 0.010386265444459709, 0.014271559109099028], [0.0007276124252373911, 0.004732818972689914, 0.050065349380785544, 1.0, 0.11796683572090987, 0.01747058515994438, 0.004399826954435811, 0.00033871505635503133, 0.012716331111016183, 0.0035956130549758135], [0.0013305334458474827, 0.0009205502820247569, 0.010252070302871783, 0.11796683572090987, 1.0, 0.32731563210806336, 0.0020952050748306163, 0.000837503049048694, 0.00521988644822652, 0.0011791762120979103], [0.0003535896499600893, 0.00013615294791985614, 0.0016423327050010441, 0.01747058515994438, 0.32731563210806336, 1.0, 0.0833668707691117, 0.004527186616042116, 0.0028115079020154445, 0.006936008006774942], [0.001970154720106566, 0.0011881527394673528, 0.001594672202163813, 0.0043998269544358115, 0.0020952050748306167, 0.0833668707691117, 1.0, 0.07395822824159484, 0.003416991428586029, 0.0008989570124608378], [0.002055710829761899, 0.0007130317878312983, 0.0035511385341290666, 0.00033871505635503133, 0.0008375030490486941, 0.0045271866160421165, 0.07395822824159483, 1.0, 0.001912439756530337, 0.0004660496172987373], [0.010355795756871676, 0.009940478202536875, 0.010386265444459707, 0.012716331111016183, 0.00521988644822652, 0.002811507902015445, 0.0034169914285860294, 0.001912439756530337, 0.9999999999999997, 0.04742696125957079], [0.009265916468936375, 0.015909158725127437, 0.014271559109099028, 0.003595613054975813, 0.00117917621209791, 0.006936008006774942, 0.0008989570124608378, 0.00046604961729873726, 0.04742696125957079, 0.9999999999999998]], [[0.9999999999999997, 0.0010564161092020629, 0.0072899232504462985, 0.0006108689486292229, 0.00045149182861184216, 0.004635237268336675, 0.007194088898724437, 0.0015275770205196986, 0.00358469860175026, 0.00041709536236980916], [0.0010564161092020629, 1.0, 0.006729987103737222, 0.00926741460856428, 0.004854435734008987, 0.007216412323875532, 0.0028733111178185573, 0.0007417429318041704, 0.006548509123612961, 0.017765183050583683], [0.0072899232504462985, 0.006729987103737222, 1.0, 0.024665154808222418, 0.007107250646252012, 5.443991734372094e-05, 0.006463299774337003, 0.002683914230238388, 0.001376327489240349, 0.015786571905346786], [0.0006108689486292229, 0.00926741460856428, 0.024665154808222418, 1.0, 0.10872470836713326, 0.008840654643332885, 0.0019018491557408976, 0.000672693583061857, 0.005789829308556983, 0.0012975586053054872], [0.00045149182861184216, 0.004854435734008987, 0.007107250646252013, 0.10872470836713324, 1.0, 0.26529726061613046, 0.000822358597322085, 0.003679837395456139, 0.006631403860891785, 0.0038996348099464774], [0.004635237268336675, 0.007216412323875532, 5.443991734372095e-05, 0.008840654643332885, 0.26529726061613046, 1.0, 0.09150887907368342, 0.0028348750574987893, 0.0037934584670164047, 0.004572321349781945], [0.007194088898724438, 0.0028733111178185573, 0.006463299774337003, 0.0019018491557408976, 0.000822358597322085, 0.09150887907368341, 1.0, 0.01830829779473472, 0.0013125909915799045, 0.0006250988164117157], [0.0015275770205196986, 0.0007417429318041704, 0.0026839142302383886, 0.000672693583061857, 0.0036798373954561384, 0.0028348750574987893, 0.01830829779473472, 1.0, 0.0019128327475119995, 0.0011110701766765588], [0.00358469860175026, 0.006548509123612961, 0.001376327489240349, 0.005789829308556983, 0.006631403860891784, 0.003793458467016405, 0.0013125909915799045, 0.0019128327475119995, 1.0, 0.04711609496101654], [0.00041709536236980916, 0.017765183050583683, 0.015786571905346786, 0.0012975586053054872, 0.0038996348099464774, 0.004572321349781945, 0.0006250988164117157, 0.0011110701766765586, 0.04711609496101654, 1.0]], [[1.0, 0.0018579960891147611, 0.00803072256673053, 0.0006193037934692728, 0.004071597936919287, 0.0010893217256914061, 0.0038032908127330315, 0.0032626060647387156, 0.0030623691713371325, 0.001649810588430322], [0.0018579960891147614, 0.9999999999999996, 0.01843156701038572, 0.0052485486724328685, 0.0006654034616908097, 0.006379575552583358, 0.001489502568630278, 0.0027858856877216323, 0.0001893318557680493, 0.012409678583145163], [0.00803072256673053, 0.01843156701038572, 1.0, 0.02577391248934442, 0.009613391031776997, 0.00339372145897598, 0.0001247598064666357, 0.0031087293924925816, 0.0021273897010386763, 0.009081278866403293], [0.0006193037934692727, 0.0052485486724328685, 0.025773912489344422, 1.0, 0.11714200207771305, 0.0069940766394766185, 0.0020507179585057067, 0.0027078185460886737, 0.008080199051456669, 0.0034449278599574897], [0.004071597936919287, 0.0006654034616908097, 0.009613391031776997, 0.11714200207771307, 1.0, 0.20724865299321785, 0.003595525039459947, 0.0036229986141062126, 0.007438906491390468, 0.005451758179024485], [0.0010893217256914061, 0.006379575552583357, 0.00339372145897598, 0.0069940766394766185, 0.20724865299321785, 0.9999999999999997, 0.06617822010375925, 0.0003356122132284738, 0.00042568325200683955, 0.001931528679139576], [0.0038032908127330306, 0.001489502568630278, 0.00012475980646663572, 0.0020507179585057067, 0.003595525039459947, 0.06617822010375925, 1.0, 0.0148517211389555, 0.002081105230495576, 0.00023574007559709213], [0.0032626060647387156, 0.0027858856877216328, 0.003108729392492582, 0.0027078185460886737, 0.0036229986141062126, 0.0003356122132284737, 0.0148517211389555, 1.0, 0.00035485892623414786, 7.669496529105673e-05], [0.0030623691713371325, 0.0001893318557680493, 0.0021273897010386763, 0.008080199051456669, 0.007438906491390468, 0.0004256832520068395, 0.0020811052304955764, 0.0003548589262341478, 1.0000000000000002, 0.0326257353988895], [0.001649810588430322, 0.012409678583145161, 0.009081278866403295, 0.0034449278599574897, 0.0054517581790244855, 0.001931528679139576, 0.00023574007559709213, 7.669496529105673e-05, 0.03262573539888951, 1.0]], [[1.0, 0.004636912942625525, 0.0018908240710668739, 0.004038001882774491, 0.005340905723205928, 0.0033314211219871016, 0.004807002710281438, 0.003531970217769613, 0.00464933011290801, 0.012655710229511261], [0.004636912942625525, 0.9999999999999999, 0.013409729650521018, 0.0045143721392119345, 0.0025373998526214137, 0.0021277257423867467, 0.004752209064607054, 0.003029892880495086, 0.0017938065681848215, 0.004454138026431796], [0.0018908240710668739, 0.013409729650521018, 1.0, 0.03248670611216267, 0.009791858217918184, 0.007879779292973057, 0.0031539660098027743, 0.0011708431256098203, 0.012015972544497752, 0.004779376503749057], [0.00403800188277449, 0.0045143721392119345, 0.03248670611216268, 1.0, 0.14638715088912674, 0.019411070550540966, 0.006760895682824578, 0.0020802797216203043, 0.012506351222062234, 0.019920782626541872], [0.005340905723205929, 0.0025373998526214137, 0.009791858217918184, 0.14638715088912677, 1.0, 0.2472032900448882, 0.020518633905983432, 0.003346655329389419, 0.008266864748526411, 0.014311317025546343], [0.003331421121987102, 0.0021277257423867467, 0.007879779292973057, 0.019411070550540963, 0.2472032900448882, 1.0, 0.03770939272194657, 0.003679565899951258, 0.0031225079542241316, 0.0010180360803121646], [0.004807002710281439, 0.0047522090646070535, 0.0031539660098027743, 0.0067608956828245775, 0.020518633905983436, 0.03770939272194657, 1.0, 0.03882201472780291, 0.0003146825189497812, 0.0006979221184052138], [0.003531970217769613, 0.0030298928804950854, 0.0011708431256098203, 0.0020802797216203043, 0.0033466553293894185, 0.003679565899951258, 0.0388220147278029, 1.0, 0.0007092010959177575, 0.0007585909005001162], [0.00464933011290801, 0.0017938065681848215, 0.012015972544497752, 0.012506351222062234, 0.008266864748526413, 0.0031225079542241316, 0.00031468251894978114, 0.0007092010959177575, 1.0, 0.05084103561286293], [0.012655710229511261, 0.004454138026431796, 0.004779376503749057, 0.019920782626541875, 0.014311317025546343, 0.0010180360803121646, 0.0006979221184052138, 0.0007585909005001161, 0.05084103561286293, 1.0000000000000002]], [[1.0, 0.003134371835329384, 0.003353165194775005, 0.002540452531819603, 0.0015998095921729099, 1.321958924435426e-05, 0.0024244125004024707, 0.002104737073886123, 0.006192477861127737, 0.0038291484948071407], [0.003134371835329384, 1.0, 0.009821709244309185, 0.010276609800055026, 0.004284560138207453, 0.001632951948915155, 0.0015076340163893394, 0.000497460518088381, 0.0009784831866706876, 0.0019907619263855782], [0.0033531651947750047, 0.009821709244309185, 1.0000000000000002, 0.03161493111253328, 0.009086835746548103, 0.0040195529734646665, 4.135148900713443e-05, 0.004072020962595343, 0.005087062462505459, 0.004453543193103182], [0.002540452531819603, 0.010276609800055026, 0.03161493111253327, 1.0, 0.14657069375671405, 0.02343976180800199, 0.007394386106949625, 0.004312276970142218, 0.004691140777770042, 0.018461715748712124], [0.0015998095921729099, 0.004284560138207453, 0.009086835746548103, 0.14657069375671405, 1.0, 0.2891446736651094, 0.010330176505464398, 0.005245037132042342, 0.014221048160914343, 0.026199845193194377], [1.321958924435426e-05, 0.001632951948915155, 0.0040195529734646665, 0.02343976180800199, 0.2891446736651094, 1.0, 0.041210079466461776, 0.000880222396725651, 0.012487514154705682, 0.0015010602516641537], [0.0024244125004024707, 0.0015076340163893396, 4.135148900713443e-05, 0.007394386106949624, 0.010330176505464396, 0.041210079466461776, 1.0, 0.022528669333316466, 0.0016103608073311784, 0.0016181390359061758], [0.002104737073886123, 0.0004974605180883809, 0.004072020962595343, 0.004312276970142218, 0.005245037132042342, 0.0008802223967256511, 0.022528669333316466, 1.0, 0.0017817894657780491, 0.0006422226938345246], [0.006192477861127737, 0.0009784831866706876, 0.005087062462505459, 0.004691140777770041, 0.014221048160914341, 0.012487514154705682, 0.0016103608073311784, 0.0017817894657780491, 1.0, 0.05165240741626825], [0.0038291484948071407, 0.0019907619263855782, 0.004453543193103182, 0.018461715748712124, 0.026199845193194373, 0.001501060251664154, 0.001618139035906176, 0.0006422226938345246, 0.05165240741626826, 1.0]], [[1.0, 0.006284720847214137, 0.018083119411593688, 0.0020710819465219405, 0.010039386948791503, 0.0011495229910976593, 0.0003875184586986252, 0.00035263346518440167, 0.004128856453451096, 0.007870336794629954], [0.006284720847214136, 1.0, 0.013114754225904577, 0.002740941476539607, 0.014003692603274413, 0.0067581860202630935, 0.0025451305388176555, 0.0019050321395501512, 0.009490977247461238, 0.003174011609980822], [0.01808311941159369, 0.013114754225904577, 1.0, 0.016217901616617757, 0.014113909944081455, 0.0011657083577054108, 0.0015428981188199658, 0.002471408629437887, 0.010982446870492032, 0.015132102000181096], [0.002071081946521941, 0.002740941476539607, 0.016217901616617757, 1.0000000000000002, 0.13218397402044338, 0.026960387614621637, 0.00035529894074637754, 0.0009003904950566607, 0.006620241230829763, 0.010781396176532244], [0.010039386948791503, 0.014003692603274411, 0.014113909944081456, 0.1321839740204434, 1.0, 0.28602126998726546, 0.008321111340311287, 0.004822787245367545, 0.013701090937659016, 0.023124819701478668], [0.0011495229910976593, 0.006758186020263094, 0.0011657083577054108, 0.026960387614621634, 0.28602126998726546, 1.0, 0.03137025955172208, 0.001165894998740815, 0.00421710028533146, 0.0033921463694618374], [0.00038751845869862525, 0.0025451305388176555, 0.0015428981188199658, 0.00035529894074637754, 0.008321111340311287, 0.03137025955172208, 1.0, 0.024360942620518928, 0.0009949561404819394, 0.0019369478882419802], [0.0003526334651844017, 0.0019050321395501512, 0.002471408629437887, 0.0009003904950566609, 0.004822787245367544, 0.001165894998740815, 0.024360942620518928, 1.0, 0.00018052907807448814, 0.0022910366437821784], [0.0041288564534510954, 0.009490977247461238, 0.010982446870492032, 0.006620241230829763, 0.013701090937659016, 0.00421710028533146, 0.0009949561404819394, 0.0001805290780744881, 1.0, 0.03646197499633894], [0.007870336794629954, 0.003174011609980822, 0.015132102000181096, 0.010781396176532244, 0.023124819701478668, 0.003392146369461838, 0.00193694788824198, 0.0022910366437821784, 0.03646197499633894, 1.0]], [[1.0, 0.003988217633116465, 0.0076794253164627685, 0.0014955838018856984, 0.00783919687211404, 0.0035770989965304566, 0.00019228839057935723, 0.00035563096561692383, 0.00031120149051700905, 0.009843855270958133], [0.003988217633116465, 1.0, 0.017817324422656128, 0.019498356084068746, 0.014621046998864969, 0.003668772993982697, 0.00022648104873319915, 0.0022638552182717197, 0.008595409659331548, 0.008341183849187375], [0.007679425316462769, 0.017817324422656128, 1.0, 0.033376119201185495, 0.01397587354599087, 0.002500878766631849, 0.0008425268080936289, 0.007842658382436715, 0.008971063306384973, 0.008872353657990642], [0.0014955838018856984, 0.019498356084068746, 0.033376119201185495, 1.0, 0.12842250645578412, 0.023535088016351995, 0.003935287869902611, 0.0015853002235863744, 0.012819339516161828, 0.002881820219808468], [0.00783919687211404, 0.014621046998864969, 0.01397587354599087, 0.12842250645578412, 1.0000000000000002, 0.23898564794631336, 0.005326405926642805, 0.000812427243673534, 0.025819849222278785, 0.007222730802130781], [0.003577098996530457, 0.003668772993982697, 0.002500878766631849, 0.023535088016351992, 0.23898564794631333, 1.0, 0.0390593475931186, 0.0010457969347315542, 0.005266548496829626, 0.00042307562168399023], [0.00019228839057935723, 0.00022648104873319915, 0.0008425268080936289, 0.003935287869902611, 0.005326405926642804, 0.0390593475931186, 1.0, 0.016396120201238727, 0.003298009367751762, 0.0010880148505267799], [0.00035563096561692383, 0.0022638552182717197, 0.007842658382436715, 0.0015853002235863744, 0.0008124272436735342, 0.0010457969347315544, 0.016396120201238727, 1.0, 0.0026253152538262786, 0.0020386520114166716], [0.00031120149051700905, 0.008595409659331546, 0.008971063306384973, 0.012819339516161828, 0.025819849222278785, 0.005266548496829627, 0.0032980093677517615, 0.0026253152538262786, 1.0, 0.02108517545725096], [0.009843855270958133, 0.008341183849187373, 0.008872353657990644, 0.002881820219808468, 0.007222730802130781, 0.00042307562168399023, 0.0010880148505267799, 0.0020386520114166716, 0.02108517545725096, 1.0]], [[1.0, 0.19468251962390035, 0.24464861206897423, 0.28050559434525146, 0.36404898864424784, 0.2834110630028316, 0.11917905186377303, 0.15008522492672224, 0.22125983586233988, 0.2810753421431596], [0.19468251962390035, 1.0, 0.3522695214326376, 0.3576960907505382, 0.3975328704486288, 0.29975478680483586, 0.1083652339059385, 0.17012238952176403, 0.27028817251717935, 0.27554866038179826], [0.24464861206897423, 0.3522695214326376, 0.9999999999999998, 0.4713538185153174, 0.5368358550119637, 0.3963202804953396, 0.16962328360574852, 0.2105353984681362, 0.34473274785731245, 0.41417633526961894], [0.2805055943452514, 0.3576960907505382, 0.4713538185153174, 1.0, 0.6675834766997172, 0.4897211752639979, 0.17449180142668713, 0.23659097703799742, 0.4198617283984342, 0.43656457459673476], [0.36404898864424784, 0.39753287044862884, 0.5368358550119637, 0.6675834766997172, 1.0, 0.7047605188064284, 0.22884794809323278, 0.2893351415927821, 0.4964267184864345, 0.5336010289028299], [0.2834110630028316, 0.29975478680483586, 0.3963202804953396, 0.48972117526399794, 0.7047605188064284, 1.0, 0.2475074694046425, 0.24238222272659748, 0.363868137073782, 0.3938324477341809], [0.11917905186377303, 0.10836523390593851, 0.16962328360574852, 0.17449180142668713, 0.22884794809323275, 0.24750746940464252, 1.0, 0.14910240957677579, 0.19398790322943343, 0.16479425560368136], [0.15008522492672227, 0.170122389521764, 0.2105353984681362, 0.23659097703799742, 0.2893351415927822, 0.24238222272659746, 0.14910240957677579, 0.9999999999999998, 0.20687241605108894, 0.23969252432698893], [0.22125983586233985, 0.27028817251717935, 0.34473274785731245, 0.4198617283984342, 0.4964267184864345, 0.363868137073782, 0.19398790322943343, 0.20687241605108894, 1.0, 0.4354833400827313], [0.28107534214315966, 0.27554866038179826, 0.41417633526961894, 0.4365645745967347, 0.5336010289028299, 0.3938324477341809, 0.16479425560368138, 0.23969252432698893, 0.4354833400827313, 1.0]], [[1.0, 0.8468002277832155, 0.8783443656357386, 0.8936935306611693, 0.9068347267462386, 0.8914641113640154, 0.7791649590708541, 0.8239559326346793, 0.8691288905231649, 0.8768047265229816], [0.8468002277832155, 1.0, 0.9030841297062887, 0.9052413760429923, 0.916702680122932, 0.9024648016530719, 0.7800043683645406, 0.8230075162503405, 0.8803864478607847, 0.8903048905403468], [0.8783443656357387, 0.9030841297062887, 1.0, 0.9450492172142935, 0.9529195041018973, 0.9348698405047893, 0.8110761737221812, 0.8586347722932024, 0.9096724126734917, 0.9280976210191227], [0.8936935306611693, 0.9052413760429923, 0.9450492172142935, 1.0, 0.9730635956720706, 0.9536302613935943, 0.8188673982981812, 0.8714406539285179, 0.9253794240387323, 0.9398176490371164], [0.9068347267462386, 0.9167026801229321, 0.9529195041018972, 0.9730635956720705, 1.0, 0.9759574417230953, 0.8366349449246014, 0.8798510076394563, 0.937795638475071, 0.9540208660565944], [0.8914641113640154, 0.9024648016530719, 0.9348698405047892, 0.9536302613935942, 0.9759574417230952, 1.0, 0.8348243337577925, 0.8670687344941037, 0.9223433258722495, 0.9362238529373007], [0.7791649590708541, 0.7800043683645407, 0.8110761737221811, 0.8188673982981812, 0.8366349449246016, 0.8348243337577925, 1.0, 0.7759052270778354, 0.8115982514052762, 0.8165285396119044], [0.8239559326346793, 0.8230075162503405, 0.8586347722932024, 0.8714406539285179, 0.8798510076394565, 0.8670687344941037, 0.7759052270778355, 1.0, 0.8566868442143875, 0.852363436383166], [0.869128890523165, 0.8803864478607847, 0.9096724126734917, 0.9253794240387322, 0.9377956384750711, 0.9223433258722495, 0.8115982514052762, 0.8566868442143875, 1.0, 0.924360589326576], [0.8768047265229816, 0.8903048905403468, 0.9280976210191227, 0.9398176490371164, 0.9540208660565945, 0.9362238529373007, 0.8165285396119044, 0.852363436383166, 0.9243605893265762, 1.0]], [[1.0, 0.8101218484848458, 0.8502450793332098, 0.8614865596244871, 0.8734622070818078, 0.8565974856372667, 0.7331121004328552, 0.7902879047054717, 0.8424553678099909, 0.8412922869697712], [0.8101218484848458, 0.9999999999999999, 0.8860351145616554, 0.8912251207671821, 0.9018126891412723, 0.885971745256466, 0.7480129420886584, 0.7979568477655036, 0.8626087898088579, 0.870248949869914], [0.8502450793332098, 0.8860351145616554, 1.0, 0.9326165380588327, 0.9446824371625631, 0.9239102533927637, 0.7814511953883374, 0.8328523761718879, 0.891998231782306, 0.9062578937252206], [0.861486559624487, 0.8912251207671821, 0.9326165380588326, 1.0, 0.9700357848967741, 0.9471268674360626, 0.7864951594319801, 0.8507296675102518, 0.9111273956424456, 0.9248753709465932], [0.8734622070818078, 0.9018126891412723, 0.9446824371625631, 0.970035784896774, 1.0, 0.971737044741878, 0.8053175746585031, 0.8626164286516264, 0.9277892068883823, 0.9391846149563403], [0.8565974856372666, 0.8859717452564659, 0.9239102533927638, 0.9471268674360626, 0.971737044741878, 1.0, 0.801937078264896, 0.8442025901530219, 0.9099103982213709, 0.9205575660158167], [0.7331121004328552, 0.7480129420886584, 0.7814511953883373, 0.7864951594319801, 0.8053175746585032, 0.8019370782648961, 0.9999999999999998, 0.7381277781144635, 0.7617512027626085, 0.7682246714880916], [0.7902879047054716, 0.7979568477655036, 0.8328523761718879, 0.8507296675102518, 0.8626164286516264, 0.8442025901530219, 0.7381277781144634, 1.0, 0.8204180770927928, 0.8282042783109812], [0.842455367809991, 0.862608789808858, 0.8919982317823061, 0.9111273956424455, 0.9277892068883823, 0.9099103982213709, 0.7617512027626087, 0.8204180770927928, 0.9999999999999997, 0.8980991932271613], [0.8412922869697711, 0.8702489498699141, 0.9062578937252206, 0.9248753709465932, 0.9391846149563404, 0.9205575660158166, 0.7682246714880915, 0.8282042783109813, 0.8980991932271614, 0.9999999999999996]], [[0.9999999999999999, 0.05314081166221671, 0.07143579924971659, 0.07510571010313903, 0.09663531817455938, 0.04941567609250624, 0.010790705531140986, 0.02966389059560666, 0.05435526449741022, 0.07045003705249205], [0.053140811662216715, 1.0, 0.11074555565623935, 0.10837099039478071, 0.12979611041921704, 0.062311882936469554, 0.010925728894419303, 0.025828871962099563, 0.07113284810506278, 0.07732834294458434], [0.07143579924971659, 0.11074555565623935, 0.9999999999999999, 0.18706025038797758, 0.2835675532601913, 0.16151019395304111, 0.055672052206673636, 0.07058715000723749, 0.112891925182847, 0.15299598472575018], [0.07510571010313903, 0.10837099039478072, 0.18706025038797755, 1.0, 0.40729074754021166, 0.22466655846356035, 0.03143936555704362, 0.048106801031435775, 0.14158722831241585, 0.17990941082092055], [0.09663531817455935, 0.12979611041921704, 0.28356755326019123, 0.40729074754021166, 1.0, 0.5249216412893237, 0.08146139049096818, 0.08060488899722265, 0.19067924959711502, 0.21943150112921117], [0.04941567609250623, 0.06231188293646956, 0.16151019395304114, 0.22466655846356037, 0.5249216412893237, 0.9999999999999996, 0.0764591772367884, 0.06476755499427432, 0.13185759709136796, 0.1539715657619919], [0.010790705531140986, 0.010925728894419302, 0.055672052206673636, 0.03143936555704362, 0.08146139049096816, 0.0764591772367884, 1.0, 0.041447290791902104, 0.012129654584555402, 0.03902183411796623], [0.02966389059560666, 0.02582887196209956, 0.07058715000723749, 0.04810680103143577, 0.08060488899722265, 0.06476755499427432, 0.041447290791902104, 0.9999999999999999, 0.039062811802861724, 0.0698458334580761], [0.05435526449741021, 0.07113284810506278, 0.112891925182847, 0.14158722831241585, 0.19067924959711502, 0.13185759709136796, 0.012129654584555402, 0.03906281180286172, 0.9999999999999999, 0.1360004678168542], [0.07045003705249205, 0.07732834294458434, 0.15299598472575018, 0.17990941082092055, 0.21943150112921117, 0.15397156576199192, 0.03902183411796623, 0.06984583345807611, 0.13600046781685424, 1.0]], [[1.0, 0.013607041444088856, 0.008554296330551985, 0.019021764143120786, 0.016555073366253014, 0.000731274629894774, 0.003932626854829094, 0.008669031380536556, 0.008380919671643491, 0.021972896304017973], [0.013607041444088856, 1.0, 0.018356555207532013, 0.021490685552095105, 0.028142705759407003, 0.010336372626507847, 0.0023809552819811, 0.004162571446359837, 0.014550765694159513, 0.024024872474002704], [0.008554296330551985, 0.01835655520753201, 1.0, 0.036635203258448726, 0.048293395736005634, 0.022618035804281386, 0.002782232015008344, 0.008968465962260483, 0.012696127212296559, 0.03483232880032248], [0.019021764143120786, 0.021490685552095108, 0.03663520325844872, 1.0, 0.13398228383136015, 0.029458451290033792, 0.002104396697077842, 0.002217211518057295, 0.030702266610854376, 0.043861063830276215], [0.016555073366253014, 0.028142705759407003, 0.048293395736005634, 0.13398228383136015, 1.0, 0.2463915226893546, 0.0022392408228880537, 0.0017164056166323377, 0.04220651060804801, 0.04382310942195614], [0.000731274629894774, 0.010336372626507847, 0.022618035804281386, 0.02945845129003379, 0.24639152268935463, 1.0, 0.010194621773282259, 0.002103687279320642, 0.02371707082375476, 0.017402058302960422], [0.003932626854829094, 0.0023809552819810996, 0.002782232015008344, 0.002104396697077842, 0.0022392408228880537, 0.010194621773282259, 0.9999999999999998, 0.007460348581723291, 0.0025645842302449394, 0.006664081832332529], [0.008669031380536556, 0.004162571446359837, 0.008968465962260483, 0.0022172115180572956, 0.0017164056166323377, 0.002103687279320642, 0.0074603485817232905, 1.0, 0.001263239985162752, 0.015643358645495715], [0.008380919671643491, 0.014550765694159513, 0.012696127212296559, 0.030702266610854376, 0.04220651060804801, 0.023717070823754762, 0.0025645842302449394, 0.001263239985162752, 1.0, 0.06574550290689103], [0.021972896304017973, 0.0240248724740027, 0.03483232880032248, 0.043861063830276215, 0.043823109421956136, 0.017402058302960422, 0.006664081832332528, 0.01564335864549572, 0.06574550290689103, 1.0]], [[1.0, 0.016101653649430888, 0.011254081141352682, 0.020883165932510418, 0.013708347794679191, 0.008118134815701802, 0.0058830436641782065, 0.012642091394309524, 0.003761929093461329, 0.015201213292329676], [0.016101653649430888, 1.0, 0.02251779289992036, 0.01059