{"f": [0.0, 3.90625, 7.8125, 11.71875, 15.625, 19.53125, 23.4375, 27.34375, 31.25, 35.15625, 39.0625, 42.96875, 46.875, 50.78125, 54.6875, 58.59375, 62.5, 66.40625, 70.3125, 74.21875, 78.125, 82.03125, 85.9375, 89.84375, 93.75, 97.65625, 101.5625, 105.46875, 109.375, 113.28125, 117.1875, 121.09375, 125.0, 128.90625, 132.8125, 136.71875, 140.625, 144.53125, 148.4375, 152.34375, 156.25, 160.15625, 164.0625, 167.96875, 171.875, 175.78125, 179.6875, 183.59375, 187.5, 191.40625, 195.3125, 199.21875, 203.125, 207.03125, 210.9375, 214.84375, 218.75, 222.65625, 226.5625, 230.46875, 234.375, 238.28125, 242.1875, 246.09375, 250.0, 253.90625, 257.8125, 261.71875, 265.625, 269.53125, 273.4375, 277.34375, 281.25, 285.15625, 289.0625, 292.96875, 296.875, 300.78125, 304.6875, 308.59375, 312.5, 316.40625, 320.3125, 324.21875, 328.125, 332.03125, 335.9375, 339.84375, 343.75, 347.65625, 351.5625, 355.46875, 359.375, 363.28125, 367.1875, 371.09375, 375.0, 378.90625, 382.8125, 386.71875, 390.625, 394.53125, 398.4375, 402.34375, 406.25, 410.15625, 414.0625, 417.96875, 421.875, 425.78125, 429.6875, 433.59375, 437.5, 441.40625, 445.3125, 449.21875, 453.125, 457.03125, 460.9375, 464.84375, 468.75, 472.65625, 476.5625, 480.46875, 484.375, 488.28125, 492.1875, 496.09375, 500.0], "Cxy": [[[1.0, 0.19201878413378043, 0.06965697988155845, 0.08705676521576455, 0.04407835946013129, 0.010187732281833279, 0.0007155048854463254, 0.0018319474599630214, 0.25576222408704496, 0.1054602402563566], [0.19201878413378043, 1.0, 0.28968985482159637, 0.2926540257989437, 0.051641730934366616, 0.0011850882385977775, 0.0038741291676390242, 0.019193405664408303, 0.17816754126158374, 0.32062911376949266], [0.06965697988155845, 0.28968985482159637, 1.0, 0.4705541826060705, 0.11832458700572411, 0.015547050717570211, 0.0012291831884929706, 0.014784364867122231, 0.11435836883916535, 0.40904893678541215], [0.08705676521576454, 0.2926540257989437, 0.4705541826060705, 1.0, 0.33056556967030776, 0.06999914154920102, 0.002040505460826587, 0.004939729813512299, 0.15949675724889198, 0.22567932460625517], [0.04407835946013129, 0.05164173093436661, 0.1183245870057241, 0.3305655696703077, 1.0, 0.5523069464567468, 0.06431718516603502, 0.007024383620647726, 0.06871645417541457, 0.02581798944267768], [0.010187732281833279, 0.0011850882385977778, 0.01554705071757021, 0.069999141549201, 0.5523069464567468, 1.0, 0.25925396126720684, 0.017768909394480233, 0.011417037480349583, 0.00027997150474490744], [0.0007155048854463254, 0.003874129167639024, 0.0012291831884929706, 0.002040505460826587, 0.064317185166035, 0.25925396126720684, 1.0, 0.10853792295444252, 2.425025731278473e-06, 0.011573298704332224], [0.0018319474599630212, 0.019193405664408306, 0.014784364867122231, 0.004939729813512299, 0.007024383620647726, 0.01776890939448023, 0.10853792295444252, 0.9999999999999997, 0.005621278340168888, 0.03718331056894427], [0.25576222408704496, 0.17816754126158374, 0.11435836883916535, 0.159496757248892, 0.06871645417541457, 0.011417037480349581, 2.425025731278473e-06, 0.005621278340168888, 1.0, 0.21184676584237924], [0.10546024025635659, 0.3206291137694926, 0.4090489367854121, 0.2256793246062552, 0.02581798944267768, 0.0002799715047449074, 0.011573298704332224, 0.03718331056894427, 0.21184676584237924, 1.0]], [[1.0, 0.18458913273424013, 0.07881604211522011, 0.09780312190048104, 0.04384839206861596, 0.010104399310573548, 0.0005015788864575506, 0.0016323812716669856, 0.23389546408277667, 0.11066099079997707], [0.18458913273424016, 1.0, 0.2840008583699927, 0.2974874067933066, 0.05459713623729198, 0.001592580470466185, 0.006047648147627995, 0.020779433889206816, 0.15981745508747283, 0.2859744210790786], [0.0788160421152201, 0.2840008583699928, 0.9999999999999996, 0.46585679624453546, 0.11947328202300288, 0.011702050162000628, 0.0011849128097381192, 0.015485645548467444, 0.10100235975009829, 0.3692568613838975], [0.09780312190048104, 0.2974874067933066, 0.4658567962445355, 0.9999999999999997, 0.33022381328748013, 0.06449401668298718, 0.0025203544873981776, 0.006786376103684023, 0.15648503056607183, 0.19532853777217102], [0.04384839206861597, 0.05459713623729198, 0.11947328202300289, 0.33022381328748013, 1.0, 0.5411516612427448, 0.07435709254914029, 0.013474587416111518, 0.07270647056718528, 0.03191694040432531], [0.010104399310573548, 0.0015925804704661852, 0.011702050162000628, 0.06449401668298718, 0.5411516612427448, 1.0, 0.29252326231031434, 0.02849354907458061, 0.013033210343606163, 0.0014252822363959852], [0.0005015788864575506, 0.006047648147627995, 0.001184912809738119, 0.002520354487398177, 0.07435709254914027, 0.2925232623103143, 1.0000000000000002, 0.12548041876834928, 0.00010376358740984958, 0.009594134097327414], [0.0016323812716669854, 0.02077943388920682, 0.015485645548467443, 0.006786376103684023, 0.013474587416111518, 0.02849354907458061, 0.12548041876834928, 1.0, 0.002778778224932015, 0.0279685221719847], [0.23389546408277667, 0.15981745508747283, 0.10100235975009828, 0.15648503056607183, 0.0727064705671853, 0.013033210343606164, 0.00010376358740984958, 0.002778778224932015, 0.9999999999999996, 0.22355295368165895], [0.11066099079997707, 0.28597442107907867, 0.36925686138389757, 0.19532853777217102, 0.03191694040432531, 0.0014252822363959852, 0.009594134097327414, 0.0279685221719847, 0.22355295368165898, 1.0]], [[0.9999999999999999, 0.232579252334244, 0.0843909313335114, 0.09836029594665957, 0.03302061586619762, 0.0058842081691273225, 0.000437359147097541, 0.0031884379445626327, 0.2268273797890174, 0.13801620020884053], [0.232579252334244, 1.0, 0.2429424732522036, 0.2314510458278143, 0.05019071393190345, 0.004533455018572551, 0.003030325871543875, 0.011193245503823177, 0.16583122704938208, 0.2601008228577458], [0.08439093133351142, 0.2429424732522036, 1.0, 0.48245861387247363, 0.1387972292338559, 0.024807004733169276, 0.0023810859755512377, 0.006855416051138279, 0.08891622134304593, 0.2633464512177419], [0.09836029594665956, 0.23145104582781428, 0.48245861387247363, 1.0, 0.3469230638107217, 0.08177381182068635, 0.005011313028249968, 0.005631951539313912, 0.11505914025978593, 0.15068991299308615], [0.03302061586619762, 0.05019071393190345, 0.1387972292338559, 0.3469230638107217, 1.0, 0.5470429331898262, 0.05102043335868463, 0.0019277922010011914, 0.043451792734521315, 0.03028049232346605], [0.0058842081691273225, 0.00453345501857255, 0.024807004733169276, 0.08177381182068635, 0.5470429331898261, 0.9999999999999998, 0.20437729500110347, 0.003171704124785361, 0.007819781272012914, 0.0020378500131473126], [0.000437359147097541, 0.0030303258715438756, 0.002381085975551238, 0.005011313028249969, 0.05102043335868463, 0.20437729500110347, 1.0, 0.0920521490094034, 0.00015946951817544317, 0.0035038554472361545], [0.0031884379445626322, 0.011193245503823179, 0.00685541605113828, 0.005631951539313911, 0.0019277922010011914, 0.003171704124785361, 0.0920521490094034, 1.0, 0.0030626755994273332, 0.011608275935296456], [0.2268273797890174, 0.16583122704938208, 0.08891622134304593, 0.11505914025978592, 0.043451792734521315, 0.007819781272012914, 0.0001594695181754432, 0.003062675599427333, 1.0, 0.23481034456611793], [0.1380162002088405, 0.2601008228577458, 0.2633464512177419, 0.15068991299308615, 0.03028049232346605, 0.0020378500131473126, 0.003503855447236154, 0.011608275935296458, 0.23481034456611796, 1.0000000000000002]], [[1.0, 0.17108351813124187, 0.027959137652557888, 0.030847424066971125, 0.00803285561993087, 0.0018996934554059266, 2.36755302375644e-05, 0.0015367166897337283, 0.12441500096921397, 0.08030424428002515], [0.17108351813124187, 1.0, 0.09711181014844743, 0.06182230405927216, 0.009446085497642389, 0.0013471162341129421, 0.00016994077817074953, 0.001771829422340221, 0.0728218963470161, 0.14867389366509587], [0.02795913765255789, 0.09711181014844743, 0.9999999999999999, 0.41146473006980205, 0.08347216297121662, 0.01576595398709281, 0.001319887875901661, 0.0005789681597619672, 0.019094544522436415, 0.10898187981817097], [0.030847424066971125, 0.06182230405927216, 0.4114647300698021, 1.0, 0.27374629008438656, 0.05980966316481793, 0.002178285349968508, 0.0003217324089755962, 0.022360105198884317, 0.054127759311457836], [0.00803285561993087, 0.009446085497642389, 0.08347216297121662, 0.27374629008438656, 1.0, 0.48012510156242, 0.037808895850752255, 0.013235835940094368, 0.007021489085801395, 0.009136129188451709], [0.0018996934554059268, 0.0013471162341129421, 0.01576595398709281, 0.05980966316481792, 0.48012510156242, 1.0, 0.18227877683596466, 0.010643615072025638, 0.0027580681158140374, 0.002528932958922557], [2.36755302375644e-05, 0.00016994077817074956, 0.0013198878759016612, 0.0021782853499685076, 0.037808895850752255, 0.18227877683596466, 1.0, 0.16826658926565433, 0.0005389252254934094, 3.8593952979026456e-05], [0.0015367166897337283, 0.001771829422340221, 0.0005789681597619673, 0.0003217324089755962, 0.013235835940094367, 0.010643615072025638, 0.16826658926565433, 1.0, 6.907363129916059e-05, 0.0004288647081801063], [0.12441500096921396, 0.0728218963470161, 0.01909454452243641, 0.022360105198884317, 0.007021489085801395, 0.002758068115814037, 0.0005389252254934095, 6.907363129916059e-05, 0.9999999999999999, 0.15977686904398247], [0.08030424428002515, 0.14867389366509584, 0.10898187981817097, 0.054127759311457836, 0.00913612918845171, 0.0025289329589225575, 3.8593952979026456e-05, 0.0004288647081801063, 0.15977686904398247, 1.0]], [[1.0, 0.0797757624015928, 0.013183637722096773, 0.010614943428868607, 0.00198070817677341, 0.00012642267530668292, 0.000261720555345232, 0.000926282180366211, 0.06733506238668649, 0.029882389108921457], [0.0797757624015928, 1.0, 0.05030062922631209, 0.022355455302739528, 0.002241430762147459, 0.00039404881642203456, 0.00011379462470859935, 0.0011537563566269883, 0.03477923603499561, 0.06518181925335755], [0.013183637722096773, 0.05030062922631209, 1.0, 0.2968127025641842, 0.03400656182102903, 0.004578820706361571, 0.0003746104645395423, 0.0003680031469457416, 0.01818889201557915, 0.07376905368027267], [0.010614943428868607, 0.022355455302739528, 0.2968127025641842, 1.0, 0.20049693837116392, 0.03994662134642876, 0.0020006979626835384, 0.00046650685241884763, 0.012926702438597445, 0.02963484121968152], [0.00198070817677341, 0.0022414307621474593, 0.03400656182102903, 0.20049693837116392, 1.0, 0.4459190669742133, 0.036363427653244094, 0.005695015704656266, 0.001733577673026509, 0.003238120106298304], [0.00012642267530668292, 0.00039404881642203456, 0.004578820706361571, 0.03994662134642876, 0.4459190669742133, 0.9999999999999998, 0.20888765117703673, 0.01694397129375378, 0.00011068006950737027, 0.0004796344981893639], [0.000261720555345232, 0.00011379462470859935, 0.0003746104645395423, 0.002000697962683538, 0.036363427653244094, 0.2088876511770367, 1.0, 0.2615109532929757, 7.398371125585006e-06, 9.541451865115416e-05], [0.000926282180366211, 0.0011537563566269883, 0.00036800314694574154, 0.0004665068524188477, 0.005695015704656267, 0.01694397129375378, 0.2615109532929757, 1.0, 0.0002892377683159909, 0.00043752128734386275], [0.06733506238668649, 0.03477923603499561, 0.01818889201557915, 0.012926702438597443, 0.001733577673026509, 0.00011068006950737025, 7.398371125585006e-06, 0.00028923776831599093, 1.0000000000000002, 0.13675774292521103], [0.029882389108921457, 0.06518181925335755, 0.07376905368027267, 0.029634841219681525, 0.0032381201062983045, 0.0004796344981893639, 9.541451865115416e-05, 0.0004375212873438628, 0.13675774292521103, 1.0]], [[1.0, 0.024970969714093873, 0.0034337462908607284, 0.0035837793560636985, 0.0028864065347995937, 0.0008324537907202975, 0.00019608183305977247, 0.0009521200396494086, 0.03801267475447288, 0.01475944168068302], [0.024970969714093877, 0.9999999999999997, 0.024846201563652488, 0.010409588633394262, 0.002146869959308965, 0.0002536147589152863, 0.0001176897869483167, 0.00010966225106620879, 0.013161621076531254, 0.027098370361784866], [0.003433746290860728, 0.024846201563652488, 1.0, 0.17847101913049546, 0.012665615496158668, 0.0017415623213655215, 1.053189103383905e-05, 0.0013229026755571926, 0.006674218026449568, 0.03305804515361671], [0.0035837793560636985, 0.010409588633394262, 0.17847101913049546, 1.0, 0.15857305739765507, 0.0315096603751678, 0.0024800223717931506, 0.0032384553829662723, 0.0038034250388647426, 0.01599942018440064], [0.0028864065347995937, 0.002146869959308965, 0.012665615496158668, 0.15857305739765507, 1.0, 0.43727478520851115, 0.02978272431669629, 0.0093010551385677, 0.0007689540382035372, 0.0014037162200278826], [0.0008324537907202975, 0.00025361475891528634, 0.0017415623213655215, 0.0315096603751678, 0.43727478520851115, 1.0, 0.13168149061698062, 0.0053603140682508795, 8.264352663799942e-05, 0.00015683160226848637], [0.0001960818330597725, 0.0001176897869483167, 1.0531891033839048e-05, 0.00248002237179315, 0.029782724316696287, 0.1316814906169806, 1.0, 0.23917323856006578, 0.00036669408266307916, 9.047838298809111e-05], [0.0009521200396494086, 0.0001096622510662088, 0.0013229026755571926, 0.0032384553829662723, 0.0093010551385677, 0.00536031406825088, 0.23917323856006578, 1.0, 0.0007991407047258374, 0.00046763510491313487], [0.03801267475447288, 0.013161621076531252, 0.006674218026449568, 0.0038034250388647426, 0.0007689540382035371, 8.264352663799942e-05, 0.00036669408266307916, 0.0007991407047258374, 1.0, 0.09841528569053383], [0.014759441680683019, 0.027098370361784863, 0.03305804515361671, 0.01599942018440064, 0.0014037162200278828, 0.0001568316022684864, 9.047838298809111e-05, 0.00046763510491313487, 0.09841528569053383, 1.0]], [[1.0, 0.009457292569140621, 0.0016218170519453079, 0.0018251383214867344, 0.0012187037264394629, 0.00015268695874766234, 0.00022139655655245877, 0.00018904256430390563, 0.02165783070594248, 0.008808885118923259], [0.009457292569140621, 1.0, 0.01795371171464914, 0.003615130478901655, 0.0014643058666805892, 0.0002066287148045294, 0.0006322931700655631, 0.0003472249361521138, 0.004968731177366175, 0.00838211958976286], [0.0016218170519453079, 0.01795371171464914, 1.0, 0.09690888322550553, 0.008019941222487809, 0.0013197317045253217, 1.776331052920119e-05, 0.0014884962982723079, 0.0030936791680601897, 0.015595671563292286], [0.0018251383214867346, 0.0036151304789016556, 0.09690888322550553, 1.0, 0.13192132426808642, 0.02102064138052347, 0.001931034158597192, 0.003368894705383969, 0.00202406113170851, 0.011290392440298672], [0.0012187037264394626, 0.0014643058666805892, 0.008019941222487809, 0.13192132426808642, 1.0, 0.39894051226611, 0.013887725838070856, 0.008224703674132408, 0.0009920286197959162, 0.0018712401856205536], [0.00015268695874766234, 0.00020662871480452944, 0.001319731704525322, 0.02102064138052347, 0.39894051226611005, 1.0, 0.07981558632566474, 0.0028221095963758213, 9.70946430513788e-05, 6.349710547660045e-05], [0.0002213965565524588, 0.0006322931700655631, 1.776331052920119e-05, 0.0019310341585971921, 0.013887725838070856, 0.07981558632566474, 1.0000000000000002, 0.11370949948398357, 0.00020076745357944448, 9.689037985772644e-05], [0.0001890425643039056, 0.0003472249361521138, 0.001488496298272308, 0.0033688947053839694, 0.008224703674132408, 0.0028221095963758213, 0.11370949948398357, 1.0, 0.0006219399832403222, 0.00031983199478810326], [0.021657830705942484, 0.004968731177366175, 0.00309367916806019, 0.00202406113170851, 0.000992028619795916, 9.70946430513788e-05, 0.00020076745357944448, 0.0006219399832403222, 1.0, 0.07024180331418318], [0.008808885118923259, 0.00838211958976286, 0.015595671563292286, 0.011290392440298672, 0.0018712401856205536, 6.349710547660045e-05, 9.689037985772643e-05, 0.00031983199478810326, 0.07024180331418318, 1.0]], [[1.0, 0.004123364130182154, 0.0012001791762777023, 0.0006747544470479009, 0.0009445002870285043, 6.150647373424089e-05, 0.0002716291818340528, 0.0004529689628802538, 0.007588863839714547, 0.0035729145896702496], [0.004123364130182153, 1.0, 0.010739753663074392, 0.0029120810196470843, 0.0012320264357101184, 0.0003077789817170055, 0.00022448605190326676, 0.00015801950300239824, 0.002419272289730073, 0.005189999106793711], [0.0012001791762777023, 0.01073975366307439, 0.9999999999999997, 0.06615330572265404, 0.01018155871342285, 0.0018910239972659913, 0.0001269457009489416, 0.0008225938806863245, 0.004369410486853679, 0.011687722787018557], [0.0006747544470479009, 0.002912081019647084, 0.06615330572265404, 1.0, 0.12402851475683709, 0.014324115287343477, 0.0001664323178608067, 0.001093146964443051, 0.0038209821847129616, 0.006248028112935275], [0.0009445002870285043, 0.0012320264357101182, 0.01018155871342285, 0.12402851475683709, 1.0000000000000002, 0.2990595459391534, 0.005141881731515741, 0.0019298268390338146, 0.0016467672211874134, 0.0025639549195360044], [6.15064737342409e-05, 0.0003077789817170055, 0.001891023997265991, 0.014324115287343479, 0.2990595459391534, 0.9999999999999997, 0.08420434551179645, 0.0013951380804516772, 0.0008382971633793578, 0.0007051778210075464], [0.0002716291818340528, 0.00022448605190326676, 0.00012694570094894163, 0.0001664323178608067, 0.005141881731515741, 0.08420434551179644, 1.0, 0.07288130977776888, 0.00026521640469563695, 0.0003828147689873812], [0.0004529689628802538, 0.00015801950300239827, 0.0008225938806863244, 0.001093146964443051, 0.0019298268390338148, 0.0013951380804516772, 0.07288130977776888, 0.9999999999999999, 8.341597595627311e-05, 0.0003385941831113259], [0.007588863839714547, 0.0024192722897300725, 0.004369410486853679, 0.0038209821847129616, 0.0016467672211874136, 0.0008382971633793578, 0.000265216404695637, 8.341597595627311e-05, 0.9999999999999998, 0.051312722742671506], [0.00357291458967025, 0.005189999106793712, 0.011687722787018557, 0.006248028112935275, 0.0025639549195360044, 0.0007051778210075464, 0.00038281476898738113, 0.00033859418311132586, 0.051312722742671506, 1.0]], [[1.0, 0.0033840117895493015, 0.0011480129541642657, 0.0003346186620444303, 0.0023020582630563185, 0.0007864208335248598, 0.00015311303636101275, 0.00038985690099649026, 0.004296446644619318, 0.0018313601589189917], [0.003384011789549301, 1.0, 0.010109921648994855, 0.004791899579878793, 0.0028420810356564003, 0.0007042630460104924, 0.00013910629225397791, 0.0002074421410388841, 0.002115686041459367, 0.0037073806743643384], [0.0011480129541642657, 0.010109921648994855, 1.0, 0.04048463147707681, 0.01023615133206344, 0.0011415570942994023, 7.689806159803655e-05, 0.0001894836642298712, 0.002493815639523184, 0.011622462520314358], [0.0003346186620444303, 0.004791899579878793, 0.04048463147707681, 1.0, 0.11964051732254267, 0.009117593170241696, 0.00022509991666171646, 0.000796515804205309, 0.0030754559904188515, 0.004048497447824086], [0.002302058263056318, 0.0028420810356564003, 0.01023615133206344, 0.11964051732254267, 0.9999999999999998, 0.24561440135260695, 0.00576538281770643, 0.00037683077854586155, 0.0034617370822231422, 0.004018492011234385], [0.0007864208335248598, 0.0007042630460104924, 0.0011415570942994023, 0.009117593170241696, 0.24561440135260695, 1.0, 0.08851398252159455, 0.0012743814933115656, 0.00032452657351147497, 0.0008646794524948241], [0.00015311303636101278, 0.00013910629225397791, 7.689806159803655e-05, 0.00022509991666171646, 0.00576538281770643, 0.08851398252159455, 1.0, 0.05765987210953423, 0.0012317025549739688, 5.8584388948942864e-05], [0.0003898569009964902, 0.00020744214103888411, 0.0001894836642298712, 0.000796515804205309, 0.00037683077854586155, 0.0012743814933115656, 0.05765987210953424, 1.0, 7.17224002735487e-05, 0.0006989861518352987], [0.004296446644619318, 0.0021156860414593666, 0.002493815639523184, 0.003075455990418852, 0.003461737082223142, 0.00032452657351147497, 0.0012317025549739688, 7.172240027354871e-05, 1.0, 0.03844332674818014], [0.0018313601589189917, 0.0037073806743643384, 0.011622462520314358, 0.004048497447824086, 0.004018492011234385, 0.0008646794524948241, 5.858438894894286e-05, 0.0006989861518352987, 0.03844332674818014, 1.0]], [[1.0, 0.0018268995319838583, 0.0012469136884846216, 0.001294252234881415, 0.002406002450021746, 0.0004888012664252787, 5.6415736027160655e-05, 0.0003707856541840426, 0.003640943760802553, 0.002481177262016526], [0.0018268995319838583, 1.0, 0.00895936805886295, 0.003522555336874126, 0.002223518592434091, 0.0019342353566994591, 0.00017023050964799338, 0.0002663691365551572, 0.0020628813456804716, 0.00495276415824364], [0.0012469136884846216, 0.00895936805886295, 1.0, 0.03154197997782972, 0.009405696034184657, 0.0029239048944130126, 0.0001515284018335244, 0.0004952656798219052, 0.003448407458482198, 0.00737743485105908], [0.001294252234881415, 0.0035225553368741264, 0.03154197997782972, 0.9999999999999998, 0.11547115570151929, 0.011155610213062885, 0.00023948961560298334, 0.000545267872237111, 0.004255051061619559, 0.006150528283038847], [0.002406002450021746, 0.0022235185924340917, 0.009405696034184657, 0.11547115570151928, 1.0, 0.21647507145359698, 0.001983775608247336, 0.0003235990792924842, 0.0029827980678813894, 0.006516810646264041], [0.0004888012664252787, 0.0019342353566994591, 0.0029239048944130126, 0.011155610213062885, 0.21647507145359698, 1.0, 0.06023973867590297, 0.0017320119465628393, 0.00043330059942760035, 0.0017796659694387508], [5.641573602716065e-05, 0.00017023050964799335, 0.0001515284018335244, 0.00023948961560298334, 0.001983775608247336, 0.060239738675902973, 1.0, 0.04228559242520603, 0.00042474333277449724, 3.947704532550838e-05], [0.0003707856541840426, 0.00026636913655515723, 0.0004952656798219052, 0.000545267872237111, 0.0003235990792924842, 0.0017320119465628395, 0.04228559242520603, 1.0, 0.0001223249041322375, 0.0004129157855485138], [0.003640943760802553, 0.0020628813456804716, 0.003448407458482198, 0.00425505106161956, 0.0029827980678813894, 0.0004333005994276003, 0.00042474333277449724, 0.0001223249041322375, 1.0, 0.033863612308716706], [0.002481177262016526, 0.004952764158243639, 0.0073774348510590795, 0.006150528283038847, 0.006516810646264041, 0.0017796659694387506, 3.947704532550838e-05, 0.00041291578554851374, 0.033863612308716706, 1.0]], [[1.0, 0.0011168679856803584, 0.0020354103035653526, 0.0008793364056969892, 0.001788997690181898, 0.0008338476260120367, 0.00028497975584216185, 0.00021669085466623417, 0.0028714509933082093, 0.0018151736295765875], [0.0011168679856803586, 1.0, 0.007399502647645283, 0.0026689323729353993, 0.0016654584294825765, 0.0007660216173496394, 0.0003728542528456231, 0.0002770515449114839, 0.002499728746255221, 0.005487643890779587], [0.002035410303565352, 0.007399502647645284, 1.0, 0.028912513145923482, 0.010282979010402963, 0.0026594743027570414, 0.00011155797250579417, 0.00016887896958010928, 0.0035099995779829395, 0.005600104541114457], [0.0008793364056969893, 0.002668932372935399, 0.02891251314592348, 1.0, 0.11635658770721492, 0.01270327146492363, 0.0004248851886457389, 0.0007764686108405168, 0.00444748490152356, 0.006567909088462639], [0.0017889976901818982, 0.0016654584294825765, 0.010282979010402964, 0.11635658770721494, 1.0, 0.211642947441994, 0.0010133872033135302, 0.0016044837704037253, 0.0036350488983143752, 0.007461189168350313], [0.0008338476260120368, 0.0007660216173496394, 0.0026594743027570414, 0.01270327146492363, 0.211642947441994, 1.0, 0.036030678273021, 0.0014708075930962507, 0.0012126310828026736, 0.0023751799374578876], [0.0002849797558421619, 0.0003728542528456231, 0.00011155797250579417, 0.00042488518864573896, 0.0010133872033135302, 0.03603067827302099, 1.0, 0.023696857909913622, 0.00045285853248765824, 0.00039993530172342475], [0.0002166908546662342, 0.0002770515449114839, 0.00016887896958010928, 0.0007764686108405167, 0.001604483770403725, 0.0014708075930962507, 0.023696857909913622, 1.0, 4.227283482132008e-05, 0.00025362653554502793], [0.0028714509933082093, 0.0024997287462552205, 0.00350999957798294, 0.00444748490152356, 0.0036350488983143757, 0.0012126310828026734, 0.00045285853248765824, 4.227283482132008e-05, 1.0, 0.026763981160255444], [0.0018151736295765875, 0.005487643890779587, 0.005600104541114457, 0.006567909088462639, 0.007461189168350313, 0.0023751799374578876, 0.00039993530172342475, 0.00025362653554502793, 0.026763981160255444, 1.0]], [[1.0, 0.0017944535488256875, 0.0015142456684699623, 0.0018271223052671337, 0.0013704993771609178, 0.0004584378963225042, 0.0003136154787235929, 0.00027447017863904856, 0.001994356365630403, 0.0004711323850024403], [0.0017944535488256877, 1.0, 0.004918596374904049, 0.0024116306138097596, 0.0025044675536403044, 0.0007344453317721486, 0.00032653119268977974, 0.00019962298472831895, 0.002135319291708897, 0.002634846667406939], [0.0015142456684699625, 0.004918596374904049, 0.9999999999999999, 0.020321329595498504, 0.007757864672412739, 0.001235534855926963, 3.75899903007647e-05, 0.00017829327911211162, 0.0028087976262804776, 0.007400227137172226], [0.0018271223052671337, 0.00241163061380976, 0.020321329595498504, 1.0, 0.12036930981717174, 0.012892990731681441, 0.0004738948985464406, 0.0010372936958963751, 0.004099113216743503, 0.006218730086004887], [0.001370499377160918, 0.0025044675536403044, 0.007757864672412739, 0.12036930981717174, 1.0, 0.2291257099036044, 0.0018014405148124336, 0.0014510661891807327, 0.0057389596162321825, 0.00946306199725123], [0.0004584378963225042, 0.0007344453317721486, 0.001235534855926963, 0.01289299073168144, 0.2291257099036044, 0.9999999999999999, 0.03305083604362352, 0.0016570907143501979, 0.001745221571825546, 0.0021216819427393213], [0.0003136154787235929, 0.00032653119268977974, 3.75899903007647e-05, 0.00047389489854644053, 0.0018014405148124334, 0.03305083604362352, 1.0, 0.015741403332386942, 0.00030527806687606564, 0.000326204240979382], [0.0002744701786390486, 0.00019962298472831898, 0.00017829327911211162, 0.0010372936958963751, 0.001451066189180733, 0.0016570907143501979, 0.015741403332386942, 1.0, 0.0004058499254476805, 2.093606665723771e-05], [0.001994356365630403, 0.002135319291708897, 0.0028087976262804776, 0.004099113216743503, 0.0057389596162321825, 0.0017452215718255463, 0.0003052780668760656, 0.0004058499254476805, 1.0, 0.020985404504905124], [0.00047113238500244033, 0.002634846667406939, 0.007400227137172226, 0.006218730086004887, 0.00946306199725123, 0.0021216819427393213, 0.00032620424097938203, 2.0936066657237714e-05, 0.020985404504905124, 1.0]], [[1.0, 0.0021468391743812987, 0.0014465563496968224, 0.0016537069300081632, 0.0027643812146273088, 0.0008531843262877931, 0.0001825572323241293, 0.0003308446697494989, 0.0020865497236382375, 0.001139981306263197], [0.0021468391743812987, 0.9999999999999998, 0.00449335540152142, 0.0027566828729262438, 0.004256253352811296, 0.0030663716358025543, 0.00015328254983935528, 0.0001047436780815256, 0.0016108699165177194, 0.003704930239113357], [0.0014465563496968224, 0.00449335540152142, 1.0, 0.02240508359282804, 0.010011951761553142, 0.0013488379983591693, 0.0001951829526399947, 0.00019585705798526025, 0.003275102714985723, 0.008457421198140136], [0.0016537069300081632, 0.0027566828729262433, 0.02240508359282804, 0.9999999999999999, 0.10437130347364133, 0.01346968837489048, 0.00037951147855982633, 0.00027115318337146753, 0.0055316260402294565, 0.006382881390733912], [0.0027643812146273088, 0.004256253352811296, 0.010011951761553142, 0.10437130347364133, 1.0, 0.22075423768515545, 0.002090577482367362, 0.001571627999104673, 0.00773204016770206, 0.010193858751906992], [0.000853184326287793, 0.0030663716358025543, 0.0013488379983591693, 0.01346968837489048, 0.22075423768515545, 1.0, 0.03530078991094212, 0.000649283451626751, 0.002155688088607267, 0.0020139243784257645], [0.0001825572323241293, 0.00015328254983935528, 0.0001951829526399947, 0.0003795114785598264, 0.002090577482367362, 0.03530078991094212, 1.0, 0.014135461488769506, 0.00043636713886432136, 0.00013714551417404552], [0.0003308446697494989, 0.00010474367808152559, 0.00019585705798526022, 0.00027115318337146753, 0.0015716279991046733, 0.000649283451626751, 0.014135461488769508, 0.9999999999999998, 0.0007739821924293249, 8.789266557062803e-05], [0.0020865497236382375, 0.0016108699165177194, 0.003275102714985723, 0.0055316260402294565, 0.00773204016770206, 0.002155688088607267, 0.0004363671388643213, 0.000773982192429325, 0.9999999999999999, 0.017359815007732177], [0.001139981306263197, 0.003704930239113357, 0.008457421198140136, 0.006382881390733912, 0.01019385875190699, 0.0020139243784257645, 0.00013714551417404552, 8.789266557062805e-05, 0.01735981500773218, 1.0]], [[0.9999999999999996, 0.001672728363366878, 0.004310756537004168, 0.0037437368110019966, 0.005865472358839164, 0.0014598209793982495, 0.00011072294442153046, 0.00020779755657143712, 0.003984684986746965, 0.0032431565555614485], [0.001672728363366878, 1.0, 0.009197525654443851, 0.011204941668303445, 0.011059793356089488, 0.003551335539303253, 0.0003634953578094037, 0.0005278797641526639, 0.002861931509611667, 0.0038536965883972114], [0.004310756537004168, 0.009197525654443851, 1.0, 0.022344022244621325, 0.016872689612612905, 0.0035270952559113655, 9.446015355646504e-06, 0.0006903345868181911, 0.006369872921497944, 0.008762000646332783], [0.003743736811001996, 0.011204941668303445, 0.022344022244621325, 1.0, 0.12438805792719922, 0.015852948431550034, 0.00042890516857431823, 4.940099360358664e-05, 0.009197385405137669, 0.011787191152660042], [0.005865472358839164, 0.011059793356089488, 0.016872689612612905, 0.12438805792719922, 1.0, 0.1990268286558925, 0.0024115305288873175, 0.0006095511358731237, 0.01268898005385048, 0.012957957424498661], [0.0014598209793982495, 0.0035513355393032527, 0.0035270952559113655, 0.015852948431550034, 0.1990268286558925, 1.0, 0.038062221598837355, 0.0002863722357538255, 0.002537205140194701, 0.0033311399158898647], [0.00011072294442153046, 0.00036349535780940366, 9.446015355646502e-06, 0.0004289051685743182, 0.002411530528887318, 0.038062221598837355, 1.0, 0.011863632213748048, 0.0007133926080942892, 0.0006738340376725401], [0.00020779755657143715, 0.0005278797641526639, 0.0006903345868181911, 4.940099360358665e-05, 0.0006095511358731237, 0.0002863722357538255, 0.011863632213748048, 1.0, 3.396935571614571e-05, 0.0007686326939706374], [0.003984684986746965, 0.002861931509611667, 0.0063698729214979434, 0.009197385405137669, 0.012688980053850479, 0.002537205140194701, 0.0007133926080942893, 3.396935571614571e-05, 1.0, 0.020107516750614444], [0.0032431565555614485, 0.0038536965883972114, 0.008762000646332781, 0.01178719115266004, 0.012957957424498663, 0.0033311399158898647, 0.0006738340376725401, 0.0007686326939706374, 0.020107516750614444, 0.9999999999999996]], [[1.0, 0.2117428914101052, 0.2597898560063151, 0.2979707884683981, 0.3542585284698987, 0.2885244250900481, 0.11625954183231887, 0.15157887796883293, 0.24494316135821553, 0.26741449142529466], [0.2117428914101052, 0.9999999999999997, 0.3285258878883149, 0.35730473130754953, 0.41961394837472854, 0.33627515498128624, 0.1317193723300423, 0.17316885180789457, 0.2818773679794273, 0.29456150433215544], [0.25978985600631505, 0.3285258878883149, 1.0, 0.477935353642457, 0.5475704426607548, 0.4339592447969463, 0.17082438529425684, 0.22176390459809714, 0.3631159645150619, 0.4062425233172658], [0.2979707884683981, 0.3573047313075495, 0.477935353642457, 1.0, 0.6895503001414289, 0.5137006901298966, 0.19641271202536914, 0.24430692942409718, 0.41312211744200783, 0.4476087748871266], [0.3542585284698987, 0.41961394837472854, 0.5475704426607548, 0.6895503001414289, 1.0, 0.7215550906738177, 0.2468011890258177, 0.2945809653051346, 0.4858279432564963, 0.533444727470851], [0.28852442509004816, 0.3362751549812863, 0.43395924479694636, 0.5137006901298966, 0.7215550906738176, 1.0, 0.2708857614756307, 0.2406584586484724, 0.3862367519134936, 0.42650222491459466], [0.11625954183231886, 0.1317193723300423, 0.17082438529425684, 0.19641271202536914, 0.2468011890258177, 0.27088576147563065, 1.0, 0.13254663149417978, 0.1592884655182277, 0.18120910568361248], [0.15157887796883293, 0.17316885180789454, 0.2217639045980971, 0.2443069294240972, 0.2945809653051346, 0.2406584586484724, 0.13254663149417978, 1.0, 0.19479632753771636, 0.22941986406803103], [0.24494316135821553, 0.28187736797942725, 0.3631159645150619, 0.41312211744200783, 0.48582794325649636, 0.38623675191349355, 0.1592884655182277, 0.19479632753771636, 1.0, 0.40246564960733383], [0.2674144914252947, 0.29456150433215544, 0.4062425233172658, 0.4476087748871265, 0.533444727470851, 0.4265022249145947, 0.18120910568361245, 0.22941986406803103, 0.40246564960733383, 1.0]], [[0.9999999999999996, 0.8630409898495468, 0.8837867691539365, 0.8952811535263414, 0.9091125718861969, 0.895772483044955, 0.7947798338847624, 0.83193311808212, 0.8772728732129366, 0.8859077998949957], [0.8630409898495467, 1.0, 0.9085837048439521, 0.9162690280793728, 0.9293309056889029, 0.9153252690222183, 0.814728197312114, 0.8479129936171288, 0.8961902433586811, 0.9025120762728632], [0.8837867691539364, 0.908583704843952, 1.0, 0.9448075998895538, 0.955817118054745, 0.9411369230908702, 0.8359315602947259, 0.8699073429316587, 0.9203919427872059, 0.9305501077141703], [0.8952811535263413, 0.9162690280793729, 0.9448075998895538, 1.0, 0.9735040784976249, 0.9537940838013101, 0.8457742695923401, 0.8814072822295183, 0.930392455086934, 0.9400175159281692], [0.9091125718861969, 0.9293309056889029, 0.9558171180547451, 0.9735040784976249, 1.0, 0.9772978126470293, 0.8604617373534605, 0.8928287544047715, 0.9422631788255492, 0.9532341078583434], [0.8957724830449552, 0.9153252690222182, 0.9411369230908702, 0.9537940838013101, 0.9772978126470294, 1.0, 0.860107770890411, 0.8815574310766929, 0.929159407003912, 0.9392717235371465], [0.7947798338847624, 0.814728197312114, 0.8359315602947259, 0.8457742695923401, 0.8604617373534605, 0.860107770890411, 1.0, 0.7970943360214496, 0.8265975020949833, 0.8358528460328756], [0.83193311808212, 0.8479129936171288, 0.8699073429316587, 0.8814072822295184, 0.8928287544047715, 0.8815574310766929, 0.7970943360214497, 0.9999999999999996, 0.8609872562649019, 0.8708176384340804], [0.8772728732129366, 0.8961902433586811, 0.9203919427872059, 0.930392455086934, 0.9422631788255493, 0.929159407003912, 0.8265975020949833, 0.8609872562649019, 0.9999999999999996, 0.9247168696294485], [0.8859077998949957, 0.9025120762728632, 0.9305501077141703, 0.9400175159281691, 0.9532341078583433, 0.9392717235371465, 0.8358528460328756, 0.8708176384340804, 0.9247168696294485, 1.0]], [[0.9999999999999999, 0.8362791774220625, 0.8620124448480146, 0.8734824907241384, 0.8888329501203941, 0.8753633862393483, 0.7601394386981755, 0.7992941306508945, 0.852947994926708, 0.8578246611180163], [0.8362791774220625, 1.0, 0.8915564576721161, 0.9004096152913513, 0.9168180997215647, 0.9008660102695057, 0.7832777504293381, 0.8173364956266298, 0.8765719438810486, 0.8834245352483115], [0.8620124448480146, 0.8915564576721161, 1.0, 0.9339914406723676, 0.9475580628928392, 0.9309213017474963, 0.8130367232513119, 0.8426538788632201, 0.901754384983095, 0.9155576174894509], [0.8734824907241385, 0.9004096152913513, 0.9339914406723677, 1.0000000000000002, 0.9689560181826794, 0.9468315526104275, 0.8238100350901972, 0.8585410248009675, 0.9159363837870592, 0.9286682951382286], [0.888832950120394, 0.9168180997215647, 0.9475580628928392, 0.9689560181826794, 1.0, 0.9738355595912758, 0.8387661993009738, 0.8721567215817704, 0.9305119701344533, 0.9428462040039068], [0.8753633862393482, 0.9008660102695056, 0.9309213017474964, 0.9468315526104275, 0.9738355595912758, 1.0, 0.8348505568460498, 0.8590959030617739, 0.914839834411721, 0.9272853099582443], [0.7601394386981755, 0.783277750429338, 0.8130367232513119, 0.8238100350901972, 0.8387661993009737, 0.8348505568460498, 1.0, 0.762785648152555, 0.7962734044889809, 0.8063267571060885], [0.7992941306508946, 0.8173364956266299, 0.8426538788632201, 0.8585410248009674, 0.8721567215817704, 0.8590959030617739, 0.762785648152555, 1.0000000000000002, 0.8298137165786723, 0.8433155378455452], [0.8529479949267081, 0.8765719438810488, 0.901754384983095, 0.9159363837870593, 0.9305119701344532, 0.9148398344117209, 0.7962734044889809, 0.8298137165786724, 1.0, 0.9049981672162969], [0.8578246611180161, 0.8834245352483114, 0.9155576174894509, 0.9286682951382285, 0.9428462040039067, 0.9272853099582443, 0.8063267571060885, 0.8433155378455451, 0.9049981672162968, 0.9999999999999999]], [[1.0, 0.05623790032884449, 0.07520055728363535, 0.08959232461875118, 0.12516073836503083, 0.08804573343048723, 0.022659684508909126, 0.028669756662201576, 0.06707060493416918, 0.06923738048040456], [0.05623790032884449, 1.0, 0.10970311654924277, 0.1188674706126436, 0.1731091683209966, 0.11232677354818078, 0.023237693156378633, 0.03179342500877083, 0.08389311010742423, 0.09074501386298181], [0.07520055728363534, 0.10970311654924277, 1.0, 0.19115249837676343, 0.25636881320103155, 0.1730199167093409, 0.043940677562265454, 0.05481986534932765, 0.10434268397080187, 0.14254216005621761], [0.08959232461875118, 0.11886747061264362, 0.19115249837676343, 1.0, 0.42498190465288965, 0.24132294925125844, 0.05550573399709881, 0.06786794218362674, 0.139656721510645, 0.17126984061333747], [0.12516073836503083, 0.1731091683209966, 0.25636881320103155, 0.42498190465288965, 1.0, 0.5127109514976645, 0.08412367345599174, 0.09649708944376346, 0.19132967290259184, 0.2426118862011756], [0.08804573343048723, 0.11232677354818078, 0.1730199167093409, 0.24132294925125844, 0.5127109514976645, 1.0, 0.08749890866622324, 0.07104466293232402, 0.12917354370550577, 0.17411872118671345], [0.02265968450890913, 0.02323769315637863, 0.04394067756226546, 0.05550573399709881, 0.08412367345599175, 0.08749890866622326, 0.9999999999999998, 0.031209350036393555, 0.03212535158623473, 0.0433259725420942], [0.02866975666220158, 0.03179342500877083, 0.05481986534932765, 0.06786794218362674, 0.09649708944376346, 0.071044662932324, 0.03120935003639356, 1.0, 0.039733865944659774, 0.05583043297184252], [0.06707060493416918, 0.08389311010742422, 0.10434268397080189, 0.13965672151064504, 0.19132967290259187, 0.12917354370550577, 0.03212535158623473, 0.03973386594465977, 1.0, 0.135941569724916], [0.06923738048040456, 0.09074501386298181, 0.14254216005621764, 0.17126984061333747, 0.24261188620117558, 0.17411872118671343, 0.0433259725420942, 0.055830432971842515, 0.135941569724916, 0.9999999999999997]], [[1.0, 0.0035541884665771595, 0.0063143305339924145, 0.006688400042022661, 0.010456366192270118, 0.004818477052165707, 0.001002011943711127, 0.00020268601016389253, 0.005315757704415261, 0.005453786693139831], [0.00355418846657716, 0.9999999999999997, 0.011655452850059101, 0.011334808716684235, 0.020485421607601268, 0.008298696541535882, 0.00016572134129243875, 0.0006728742884936788, 0.005158619083290796, 0.009788712510052948], [0.0063143305339924145, 0.011655452850059101, 0.9999999999999999, 0.0309927061289126, 0.036023940351421146, 0.011941741878641388, 0.001160863117644738, 0.0021648687088694466, 0.005765436635407612, 0.016656429457835804], [0.006688400042022661, 0.011334808716684236, 0.030992706128912598, 1.0, 0.1492182367130779, 0.031256284371865645, 0.0005476772049079467, 0.002949924645422178, 0.014553187847778776, 0.01966024642235953], [0.010456366192270118, 0.020485421607601268, 0.036023940351421146, 0.1492182367130779, 1.0, 0.21653445003440208, 0.003187874910749403, 0.0031715411876250487, 0.021175379694200084, 0.031409012877861284], [0.004818477052165707, 0.008298696541535882, 0.011941741878641388, 0.031256284371865645, 0.21653445003440208, 1.0, 0.01297940544242164, 0.0013198237177703379, 0.00812438918254954, 0.010510965673172104], [0.001002011943711127, 0.00016572134129243875, 0.001160863117644738, 0.0005476772049079467, 0.0031878749107494024, 0.01297940544242164, 0.9999999999999999, 0.002443594030300407, 0.000979632374677396, 0.0012289373666640874], [0.0002026860101638925, 0.0006728742884936788, 0.002164868708869447, 0.002949924645422178, 0.0031715411876250487, 0.0013198237177703379, 0.002443594030300407, 1.0, 0.000974109