{"f": [0.0, 3.90625, 7.8125, 11.71875, 15.625, 19.53125, 23.4375, 27.34375, 31.25, 35.15625, 39.0625, 42.96875, 46.875, 50.78125, 54.6875, 58.59375, 62.5, 66.40625, 70.3125, 74.21875, 78.125, 82.03125, 85.9375, 89.84375, 93.75, 97.65625, 101.5625, 105.46875, 109.375, 113.28125, 117.1875, 121.09375, 125.0, 128.90625, 132.8125, 136.71875, 140.625, 144.53125, 148.4375, 152.34375, 156.25, 160.15625, 164.0625, 167.96875, 171.875, 175.78125, 179.6875, 183.59375, 187.5, 191.40625, 195.3125, 199.21875, 203.125, 207.03125, 210.9375, 214.84375, 218.75, 222.65625, 226.5625, 230.46875, 234.375, 238.28125, 242.1875, 246.09375, 250.0, 253.90625, 257.8125, 261.71875, 265.625, 269.53125, 273.4375, 277.34375, 281.25, 285.15625, 289.0625, 292.96875, 296.875, 300.78125, 304.6875, 308.59375, 312.5, 316.40625, 320.3125, 324.21875, 328.125, 332.03125, 335.9375, 339.84375, 343.75, 347.65625, 351.5625, 355.46875, 359.375, 363.28125, 367.1875, 371.09375, 375.0, 378.90625, 382.8125, 386.71875, 390.625, 394.53125, 398.4375, 402.34375, 406.25, 410.15625, 414.0625, 417.96875, 421.875, 425.78125, 429.6875, 433.59375, 437.5, 441.40625, 445.3125, 449.21875, 453.125, 457.03125, 460.9375, 464.84375, 468.75, 472.65625, 476.5625, 480.46875, 484.375, 488.28125, 492.1875, 496.09375, 500.0], "Cxy": [[[1.0, 0.19201878413378043, 0.06965697988155845], [0.19201878413378043, 1.0, 0.28968985482159637], [0.06965697988155845, 0.28968985482159637, 1.0]], [[1.0, 0.18458913273424013, 0.07881604211522011], [0.18458913273424016, 1.0, 0.2840008583699927], [0.0788160421152201, 0.2840008583699928, 0.9999999999999996]], [[0.9999999999999999, 0.232579252334244, 0.0843909313335114], [0.232579252334244, 1.0, 0.2429424732522036], [0.08439093133351142, 0.2429424732522036, 1.0]], [[1.0, 0.17108351813124187, 0.027959137652557888], [0.17108351813124187, 1.0, 0.09711181014844743], [0.02795913765255789, 0.09711181014844743, 0.9999999999999999]], [[1.0, 0.0797757624015928, 0.013183637722096773], [0.0797757624015928, 1.0, 0.05030062922631209], [0.013183637722096773, 0.05030062922631209, 1.0]], [[1.0, 0.024970969714093873, 0.0034337462908607284], [0.024970969714093877, 0.9999999999999997, 0.024846201563652488], [0.003433746290860728, 0.024846201563652488, 1.0]], [[1.0, 0.009457292569140621, 0.0016218170519453079], [0.009457292569140621, 1.0, 0.01795371171464914], [0.0016218170519453079, 0.01795371171464914, 1.0]], [[1.0, 0.004123364130182154, 0.0012001791762777023], [0.004123364130182153, 1.0, 0.010739753663074392], [0.0012001791762777023, 0.01073975366307439, 0.9999999999999997]], [[1.0, 0.0033840117895493015, 0.0011480129541642657], [0.003384011789549301, 1.0, 0.010109921648994855], [0.0011480129541642657, 0.010109921648994855, 1.0]], [[1.0, 0.0018268995319838583, 0.0012469136884846216], [0.0018268995319838583, 1.0, 0.00895936805886295], [0.0012469136884846216, 0.00895936805886295, 1.0]], [[1.0, 0.0011168679856803584, 0.0020354103035653526], [0.0011168679856803586, 1.0, 0.007399502647645283], [0.002035410303565352, 0.007399502647645284, 1.0]], [[1.0, 0.0017944535488256875, 0.0015142456684699623], [0.0017944535488256877, 1.0, 0.004918596374904049], [0.0015142456684699625, 0.004918596374904049, 0.9999999999999999]], [[1.0, 0.0021468391743812987, 0.0014465563496968224], [0.0021468391743812987, 0.9999999999999998, 0.00449335540152142], [0.0014465563496968224, 0.00449335540152142, 1.0]], [[0.9999999999999996, 0.001672728363366878, 0.004310756537004168], [0.001672728363366878, 1.0, 0.009197525654443851], [0.004310756537004168, 0.009197525654443851, 1.0]], [[1.0, 0.2117428914101052, 0.2597898560063151], [0.2117428914101052, 0.9999999999999997, 0.3285258878883149], [0.25978985600631505, 0.3285258878883149, 1.0]], [[0.9999999999999996, 0.8630409898495468, 0.8837867691539365], [0.8630409898495467, 1.0, 0.9085837048439521], [0.8837867691539364, 0.908583704843952, 1.0]], [[0.9999999999999999, 0.8362791774220625, 0.8620124448480146], [0.8362791774220625, 1.0, 0.8915564576721161], [0.8620124448480146, 0.8915564576721161, 1.0]], [[1.0, 0.05623790032884449, 0.07520055728363535], [0.05623790032884449, 1.0, 0.10970311654924277], [0.07520055728363534, 0.10970311654924277, 1.0]], [[1.0, 0.0035541884665771595, 0.0063143305339924145], [0.00355418846657716, 0.9999999999999997, 0.011655452850059101], [0.0063143305339924145, 0.011655452850059101, 0.9999999999999999]], [[1.0000000000000002, 0.0044655305586027, 0.006095261550052275], [0.004465530558602701, 1.0, 0.01111588795533607], [0.006095261550052275, 0.011115887955336069, 1.0]], [[1.0, 0.0060053208178300335, 0.006032491747607198], [0.006005320817830033, 1.0, 0.008790151382468716], [0.0060324917476071984, 0.008790151382468716, 1.0]], [[1.0, 0.005681842284072277, 0.005948949942540405], [0.005681842284072277, 1.0, 0.01060095778533552], [0.005948949942540405, 0.01060095778533552, 0.9999999999999996]], [[1.0, 0.006709472831299274, 0.008193644875312754], [0.0067094728312992735, 0.9999999999999997, 0.018324534207904697], [0.008193644875312754, 0.018324534207904697, 0.9999999999999998]], [[1.0, 0.00848247943409769, 0.009203022910920965], [0.00848247943409769, 1.0, 0.019468390389631798], [0.009203022910920965, 0.019468390389631798, 1.0000000000000002]], [[0.9999999999999996, 0.007807626723086591, 0.01017787789922758], [0.007807626723086592, 0.9999999999999997, 0.023561357436002132], [0.01017787789922758, 0.023561357436002132, 0.9999999999999997]], [[1.0, 0.008696400594787086, 0.011194072439011013], [0.008696400594787084, 1.0, 0.02069940695885306], [0.011194072439011011, 0.02069940695885306, 1.0]], [[1.0, 0.009721605454381027, 0.015142169116174707], [0.009721605454381027, 0.9999999999999998, 0.022313490643760314], [0.01514216911617471, 0.022313490643760318, 1.0]], [[1.0, 0.009639707575557387, 0.017825427001107987], [0.009639707575557386, 1.0, 0.02278301028371883], [0.01782542700110799, 0.022783010283718826, 0.9999999999999998]], [[0.9999999999999998, 0.013541414073828865, 0.022666796978039618], [0.013541414073828865, 1.0, 0.024111607267908296], [0.022666796978039618, 0.024111607267908296, 1.0]], [[1.0, 0.015167052920550714, 0.024397500018856932], [0.015167052920550716, 0.9999999999999997, 0.031626318335943746], [0.024397500018856936, 0.031626318335943746, 1.0]], [[1.0, 0.21712293590351056, 0.2454665399113132], [0.21712293590351053, 1.0, 0.21521583060181854], [0.24546653991131323, 0.21521583060181854, 1.0]], [[1.0, 0.3939881102276363, 0.40429232335981385], [0.3939881102276363, 1.0, 0.3688020708343006], [0.40429232335981385, 0.3688020708343006, 1.0]], [[0.9999999999999997, 0.08030685924910057, 0.09253116294486582], [0.08030685924910057, 0.9999999999999999, 0.09731237971380141], [0.09253116294486582, 0.09731237971380141, 1.0]], [[1.0, 0.02931851143565951, 0.0476792000058872], [0.02931851143565951, 1.0, 0.06322256231021017], [0.0476792000058872, 0.06322256231021017, 0.9999999999999998]], [[0.9999999999999998, 0.038174845057533935, 0.056651127764212196], [0.038174845057533935, 0.9999999999999997, 0.07845441307983478], [0.05665112776421219, 0.07845441307983476, 1.0]], [[1.0, 0.04049265494013979, 0.0625975483901277], [0.04049265494013978, 0.9999999999999997, 0.08228948976726995], [0.0625975483901277, 0.08228948976726995, 1.0]], [[0.9999999999999999, 0.04833229853658418, 0.06800856752813612], [0.048332298536584176, 1.0, 0.09571777963057436], [0.06800856752813612, 0.09571777963057436, 0.9999999999999999]], [[0.9999999999999997, 0.061642614619301185, 0.08838209291066941], [0.061642614619301185, 1.0, 0.11726201733843689], [0.08838209291066941, 0.11726201733843689, 0.9999999999999997]], [[1.0, 0.08246370211855464, 0.10113598383990377], [0.08246370211855464, 0.9999999999999998, 0.11709434351204358], [0.10113598383990377, 0.11709434351204358, 1.0]], [[1.0, 0.07931905902617926, 0.09745715326999348], [0.07931905902617928, 1.0, 0.12447346949269965], [0.09745715326999348, 0.12447346949269963, 1.0]], [[1.0, 0.08014645871399662, 0.10136683963667033], [0.08014645871399662, 1.0, 0.12783809272905852], [0.10136683963667033, 0.12783809272905852, 1.0]], [[1.0, 0.09444448344926544, 0.1105236292005247], [0.09444448344926545, 1.0, 0.1343751355355012], [0.1105236292005247, 0.13437513553550123, 1.0]], [[0.9999999999999999, 0.09064648447160678, 0.12202110938637852], [0.09064648447160677, 1.0, 0.1463229017401222], [0.12202110938637852, 0.1463229017401222, 1.0]], [[1.0000000000000002, 0.09688763497534461, 0.14228076712540053], [0.09688763497534461, 0.9999999999999996, 0.16634983250858393], [0.1422807671254005, 0.16634983250858393, 1.0]], [[1.0, 0.11180624974760142, 0.14851816152288333], [0.11180624974760144, 1.0, 0.18731160059101307], [0.14851816152288333, 0.18731160059101307, 0.9999999999999997]], [[1.0, 0.7826121874783537, 0.8106725845543682], [0.7826121874783537, 1.0, 0.838190428071533], [0.8106725845543683, 0.8381904280715331, 1.0]], [[1.0, 0.9543396805872415, 0.9622334659514857], [0.9543396805872416, 1.0, 0.9673896935741295], [0.9622334659514857, 0.9673896935741295, 0.9999999999999996]], [[1.0, 0.8855746464291124, 0.9035456974917095], [0.8855746464291124, 0.9999999999999996, 0.9156877369623322], [0.9035456974917097, 0.9156877369623323, 1.0]], [[1.0, 0.1537451068456543, 0.19403354517371685], [0.15374510684565426, 1.0, 0.23081065674206297], [0.19403354517371685, 0.23081065674206294, 1.0]], [[0.9999999999999999, 0.15584446922517792, 0.1880791355038777], [0.15584446922517792, 1.0, 0.23556994720903293], [0.18807913550387773, 0.23556994720903293, 1.0]], [[1.0, 0.17500035859858623, 0.2114729033982254], [0.1750003585985862, 1.0, 0.24025375361864348], [0.21147290339822541, 0.24025375361864348, 1.0]], [[1.0, 0.1933118666795256, 0.22421728451127046], [0.19331186667952557, 1.0, 0.2620535898139981], [0.22421728451127051, 0.2620535898139981, 1.0000000000000002]], [[1.0, 0.20830518925727284, 0.24832561736424108], [0.20830518925727284, 0.9999999999999998, 0.280106165339151], [0.24832561736424105, 0.28010616533915095, 1.0]], [[1.0, 0.20817824915441954, 0.2499984176220838], [0.20817824915441954, 1.0, 0.28431651669456703], [0.24999841762208383, 0.2843165166945671, 1.0]], [[1.0, 0.2030118646047705, 0.24260289371025012], [0.2030118646047705, 1.0000000000000002, 0.28357545036674947], [0.2426028937102501, 0.28357545036674947, 0.9999999999999997]], [[0.9999999999999998, 0.2161354769913604, 0.24139458894695068], [0.2161354769913604, 1.0, 0.2840934989963135], [0.24139458894695068, 0.28409349899631353, 1.0]], [[0.9999999999999999, 0.2763781319660654, 0.3130904454707737], [0.2763781319660654, 1.0, 0.3752598365943077], [0.31309044547077364, 0.3752598365943077, 1.0]], [[1.0000000000000002, 0.26577219942617086, 0.2990750635374776], [0.26577219942617086, 1.0, 0.3461752460476282], [0.2990750635374776, 0.3461752460476282, 1.0]], [[1.0, 0.24083899158032152, 0.27168447475511665], [0.24083899158032154, 0.9999999999999996, 0.3061110949326529], [0.27168447475511665, 0.3061110949326529, 1.0]], [[1.0, 0.2366377759117665, 0.25842038255880945], [0.23663777591176646, 1.0, 0.30160038731366123], [0.25842038255880945, 0.30160038731366123, 0.9999999999999997]], [[0.9999999999999996, 0.2723867947053072, 0.2844062549031722], [0.2723867947053072, 1.0, 0.3231460612724593], [0.28440625490317223, 0.3231460612724594, 1.0]], [[1.0, 0.5424429353774571, 0.5205693845168616], [0.5424429353774571, 0.9999999999999999, 0.5530667021849285], [0.5205693845168617, 0.5530667021849285, 0.9999999999999996]], [[1.0, 0.5364146812348952, 0.5142556937836922], [0.5364146812348952, 1.0, 0.5545260688584417], [0.5142556937836922, 0.5545260688584417, 1.0]], [[0.9999999999999997, 0.292802692646895, 0.29007801956287166], [0.292802692646895, 1.0, 0.3410886704443424], [0.29007801956287166, 0.3410886704443424, 1.0]], [[1.0, 0.28496389848814985, 0.21092230066724593], [0.28496389848814985, 1.0, 0.2704176707308701], [0.21092230066724596, 0.27041767073087003, 1.0]], [[1.0, 0.2815329620171072, 0.26528722087053525], [0.2815329620171072, 1.0, 0.315319977122197], [0.2652872208705353, 0.31531997712219706, 1.0]], [[1.0, 0.2921172417633216, 0.30456848840535145], [0.29211724176332166, 1.0, 0.3483090868430999], [0.30456848840535145, 0.3483090868430999, 1.0]], [[1.0, 0.30246878759108314, 0.31270095731795977], [0.30246878759108314, 0.9999999999999998, 0.3475745813092893], [0.31270095731795977, 0.3475745813092893, 1.0]], [[0.9999999999999998, 0.30236985305375036, 0.33222783743065504], [0.3023698530537503, 1.0, 0.3438735181538309], [0.33222783743065504, 0.3438735181538309, 1.0]], [[1.0, 0.33519110690727, 0.36486494648521123], [0.33519110690726994, 1.0, 0.38100980534384865], [0.3648649464852113, 0.38100980534384865, 1.0]], [[1.0, 0.3139638681015982, 0.3371514561115794], [0.3139638681015982, 1.0, 0.3656095976622633], [0.3371514561115794, 0.3656095976622633, 1.0]], [[1.0, 0.3084596788894807, 0.31781755025006925], [0.3084596788894807, 1.0, 0.3464408933236953], [0.31781755025006925, 0.3464408933236953, 1.0]], [[1.0, 0.31765212109665397, 0.32098355491116864], [0.31765212109665397, 1.0, 0.3633607698631505], [0.32098355491116864, 0.36336076986315047, 1.0]], [[1.0, 0.31732860381872896, 0.31223087127258137], [0.3173286038187289, 1.0, 0.34302613891043987], [0.3122308712725814, 0.34302613891043987, 0.9999999999999998]], [[1.0, 0.32510181314489967, 0.3326876334259247], [0.3251018131448996, 1.0, 0.35547476213971896], [0.33268763342592467, 0.35547476213971896, 0.9999999999999997]], [[1.0, 0.33834680138923867, 0.3573149434034242], [0.33834680138923867, 1.0, 0.3780107174728368], [0.3573149434034242, 0.37801071747283677, 0.9999999999999999]], [[1.0, 0.9234262562991872, 0.9257492554943447], [0.9234262562991872, 0.9999999999999996, 0.9347262102894885], [0.9257492554943448, 0.9347262102894887, 1.0]], [[1.0, 0.9684407533294876, 0.9682783973565412], [0.9684407533294878, 1.0, 0.9724180161353251], [0.9682783973565413, 0.9724180161353251, 1.0]], [[1.0, 0.8297517292986121, 0.833965422969567], [0.829751729298612, 0.9999999999999997, 0.8492913061467298], [0.833965422969567, 0.8492913061467297, 1.0]], [[1.0, 0.35217547881655664, 0.3392339620375938], [0.35217547881655664, 1.0, 0.3701851371724432], [0.3392339620375938, 0.3701851371724433, 1.0]], [[1.0, 0.3310904356010964, 0.34241959342449546], [0.3310904356010964, 0.9999999999999998, 0.34621438504399316], [0.34241959342449546, 0.3462143850439931, 1.0]], [[0.9999999999999999, 0.33327288602161304, 0.32983356788219953], [0.3332728860216131, 1.0, 0.34711327663337516], [0.32983356788219953, 0.34711327663337516, 0.9999999999999999]], [[1.0, 0.33531013185777064, 0.3301883428397266], [0.3353101318577706, 1.0, 0.3469888695307879], [0.3301883428397266, 0.34698886953078784, 1.0]], [[1.0000000000000002, 0.3208709826974021, 0.32579611382981233], [0.3208709826974021, 1.0, 0.3360750807027757], [0.32579611382981233, 0.3360750807027757, 0.9999999999999997]], [[1.0, 0.3140310698464005, 0.3287336481739671], [0.3140310698464005, 1.0, 0.3352248053633376], [0.3287336481739671, 0.3352248053633376, 0.9999999999999996]], [[0.9999999999999996, 0.3210452151964862, 0.3406610258337978], [0.32104521519648616, 1.0, 0.349893804967764], [0.3406610258337978, 0.349893804967764, 1.0]], [[1.0, 0.5574587958279614, 0.5573776011284491], [0.5574587958279614, 1.0, 0.5765239121180674], [0.557377601128449, 0.5765239121180674, 1.0000000000000002]], [[1.0, 0.8061598090405366, 0.8063675047535854], [0.8061598090405366, 0.9999999999999998, 0.818037903964121], [0.8063675047535854, 0.818037903964121, 0.9999999999999998]], [[0.9999999999999999, 0.6179301466319291, 0.6132147585354986], [0.6179301466319291, 1.0, 0.634110628886326], [0.6132147585354986, 0.634110628886326, 1.0]], [[1.0, 0.3358403656193991, 0.3303939945701324], [0.3358403656193991, 1.0, 0.3384706664221756], [0.3303939945701324, 0.33847066642217566, 1.0]], [[0.9999999999999997, 0.33301131250349797, 0.3436172944157871], [0.333011312503498, 1.0, 0.33993199844712213], [0.3436172944157871, 0.33993199844712213, 1.0]], [[1.0, 0.335412869131766, 0.34595199729463766], [0.335412869131766, 1.0, 0.35005887330989455], [0.34595199729463766, 0.3500588733098945, 1.0]], [[1.0, 0.3910679834720641, 0.38872765990448016], [0.3910679834720641, 1.0, 0.3978460878761561], [0.3887276599044801, 0.3978460878761561, 1.0]], [[1.0, 0.34992728981205623, 0.3483342023574432], [0.34992728981205623, 1.0, 0.3654672284249798], [0.3483342023574432, 0.3654672284249798, 1.0]], [[1.0, 0.3204425684438615, 0.31871711943973935], [0.3204425684438615, 1.0, 0.33926176886348225], [0.31871711943973935, 0.33926176886348225, 1.0]], [[1.0, 0.3280625045371355, 0.3298964522123123], [0.3280625045371354, 1.0, 0.3509488875650762], [0.3298964522123123, 0.3509488875650762, 1.0]], [[1.0, 0.3265246935095948, 0.3188982419816885], [0.3265246935095948, 1.0, 0.33467722513956777], [0.31889824198168853, 0.3346772251395677, 1.0]], [[0.9999999999999998, 0.33291095374669866, 0.3372400097122868], [0.33291095374669866, 1.0, 0.34891385780472645], [0.33724000971228674, 0.3489138578047265, 1.0]], [[1.0, 0.3262594559091085, 0.33827824496572884], [0.32625945590910843, 0.9999999999999997, 0.35563381988241893], [0.33827824496572884, 0.355633819882419, 1.0]], [[1.0, 0.32363027248620363, 0.33032281495617816], [0.32363027248620363, 0.9999999999999997, 0.35159903899057277], [0.33032281495617816, 0.35159903899057277, 1.0]], [[1.0, 0.3229712906979867, 0.32915439160925164], [0.32297129069798675, 0.9999999999999996, 0.3465922118739603], [0.32915439160925164, 0.3465922118739603, 1.0]], [[1.0, 0.33741001868514925, 0.3387126864148447], [0.33741001868514925, 1.0, 0.35966304638319385], [0.33871268641484464, 0.35966304638319385, 1.0]], [[1.0, 0.36243644833065375, 0.35254175614371575], [0.36243644833065375, 1.0, 0.37734909512894904], [0.3525417561437157, 0.3773490951289491, 1.0]], [[1.0000000000000002, 0.3706296896397065, 0.36602772719349275], [0.37062968963970655, 0.9999999999999999, 0.38675760379653057], [0.3660277271934928, 0.38675760379653057, 1.0]], [[0.9999999999999997, 0.34291827128755725, 0.3386139401660447], [0.34291827128755725, 1.0, 0.3630015766712142], [0.3386139401660447, 0.3630015766712142, 1.0]], [[1.0, 0.3118647814340456, 0.3196339969614986], [0.31186478143404567, 0.9999999999999999, 0.3322524994842651], [0.3196339969614985, 0.3322524994842651, 0.9999999999999999]], [[1.0, 0.3647158906027721, 0.3773376382295936], [0.3647158906027721, 0.9999999999999998, 0.3849890086877931], [0.3773376382295936, 0.3849890086877931, 1.0]], [[1.0, 0.8548527406317007, 0.8528095131528538], [0.8548527406317008, 1.0, 0.8594443237969677], [0.8528095131528537, 0.8594443237969677, 1.0]], [[1.0, 0.8858650730634973, 0.8836106648975625], [0.8858650730634974, 1.0, 0.8877555644893185], [0.8836106648975625, 0.8877555644893185, 1.0]], [[1.0, 0.45119724109409476, 0.4491084751300709], [0.45119724109409476, 1.0, 0.46039928123201285], [0.44910847513007096, 0.46039928123201285, 0.9999999999999996]], [[0.9999999999999997, 0.31365613087503164, 0.2938489055150647], [0.31365613087503164, 1.0, 0.3186347670113215], [0.2938489055150647, 0.3186347670113215, 1.0]], [[1.0, 0.3094465548564814, 0.30708234244638394], [0.3094465548564815, 1.0, 0.3191104995933887], [0.3070823424463839, 0.3191104995933887, 1.0]], [[0.9999999999999998, 0.2979291616385287, 0.2904691795364136], [0.2979291616385287, 1.0000000000000002, 0.3063096550906106], [0.29046917953641366, 0.3063096550906106, 1.0]], [[1.0, 0.2780518694879352, 0.2718100934099718], [0.2780518694879352, 1.0, 0.2824675674026743], [0.2718100934099718, 0.2824675674026743, 0.9999999999999997]], [[1.0, 0.2565137182209179, 0.2645180161590491], [0.2565137182209179, 1.0, 0.2725851287491121], [0.2645180161590491, 0.27258512874911217, 1.0]], [[1.0, 0.24040540468984137, 0.25493222702057183], [0.24040540468984137, 1.0, 0.2548748809052361], [0.25493222702057183, 0.2548748809052361, 1.0]], [[1.0, 0.2273953699282387, 0.239733968952164], [0.2273953699282387, 1.0, 0.2385933549208089], [0.239733968952164, 0.2385933549208089, 1.0]], [[1.0, 0.5229447831419266, 0.5331114433140004], [0.5229447831419267, 1.0, 0.5297234525860626], [0.5331114433140004, 0.5297234525860626, 1.0]], [[1.0, 0.7061598892466641, 0.7103949850208037], [0.7061598892466641, 0.9999999999999997, 0.7046602966648724], [0.7103949850208037, 0.7046602966648723, 1.0]], [[1.0, 0.29019379110881155, 0.2936206095915817], [0.2901937911088115, 1.0, 0.2971399175848263], [0.2936206095915817, 0.2971399175848262, 0.9999999999999997]], [[1.0, 0.08717854446771243, 0.10023879701320543], [0.08717854446771242, 0.9999999999999999, 0.09713672622623375], [0.10023879701320541, 0.09713672622623373, 1.0000000000000002]], [[1.0, 0.04830590394282291, 0.053893150779499834], [0.04830590394282291, 1.0, 0.051787816971621575], [0.05389315077949983, 0.05178781697162157, 1.0]], [[1.0, 0.023142381804215094, 0.021476471100473727], [0.023142381804215094, 1.0, 0.01895624677517541], [0.021476471100473724, 0.01895624677517541, 1.0]], [[1.0, 0.011735464762047164, 0.010248381183581696], [0.011735464762047162, 0.9999999999999998, 0.009746237698376453], [0.010248381183581696, 0.009746237698376453, 1.0]], [[0.9999999999999996, 0.003070302596035207, 0.0015200537873796263], [0.0030703025960352073, 1.0000000000000002, 0.003262767831734155], [0.0015200537873796263, 0.003262767831734155, 0.9999999999999997]], [[1.0, 0.00016595194486385148, 0.00022774999303711333], [0.00016595194486385148, 1.0, 0.0012954782263160936], [0.0002277499930371133, 0.0012954782263160936, 1.0]], [[1.0, 0.0008378279074645338, 0.00014871478759312872], [0.0008378279074645338, 0.9999999999999999, 3.0260687995604214e-05], [0.00014871478759312872, 3.0260687995604214e-05, 0.9999999999999999]], [[1.0, 0.0015020747820510105, 0.0002474764294821117], [0.0015020747820510103, 1.0, 4.857612671593769e-05], [0.0002474764294821117, 4.857612671593769e-05, 0.9999999999999997]], [[1.0, 0.0004289267895965941, 6.551461828977488e-05], [0.0004289267895965941, 1.0, 3.4182551379123185e-05], [6.55146182897749e-05, 3.418255137912319e-05, 0.9999999999999997]]]}